genes	logFC	logCPM	LR	PValue	FDR	N1	N2	N3	N4	N5	N6	N7	N8	N9	N10	N11	N12	N13	N14	N15	N16	N17	IRI1	IRI2	IRI3	IRI4	IRI5	IRI6	IRI7	IRI8	IRI9	IRI10	IRI11	IRI12	IRI13	IRI14	IRI15	IRI16	IRI17	IRI18	IRI19	IRI20	IRI21	IRI22	IRI23
AP002364.1	2.5683684037908	5.29586384699748	19.0817157595967	1.25239009465047e-05	0.180532032143865	0	0	3	0	0	1	9	4	1	1	1	0	0	0	3	0	0	0	0	0	0	0	0	0	0	0	2	1	0	3	0	0	0	0	0	0	0	0	0	0
P4HA2-AS1	3.61256715547008	4.30301647114145	16.7288454901253	4.31203723144404e-05	0.310790083456329	0	0	2	0	0	0	0	0	0	0	0	0	0	0	0	0	0	0	0	2	0	3	2	0	4	0	0	0	0	0	0	0	4	0	0	1	2	0	2	0
AC011824.2	-3.18354627505899	4.30052167827584	14.1627005573564	0.000167661451771461	0.582389919161367	0	0	0	0	0	0	0	1	0	4	0	0	0	0	0	0	0	0	2	1	0	0	1	2	0	0	0	3	2	0	1	0	9	1	4	6	2	0	0	1
MIAT	1.20093212709545	8.12932953010841	13.981092658725	0.000184658269470422	0.582389919161367	0	0	0	0	0	0	1	0	0	0	0	0	0	0	0	0	0	0	1	2	0	1	0	0	0	1	2	0	2	0	1	0	0	1	0	1	0	0	1	0
PARD6G-AS1	1.81272900949785	9.07119081121841	13.8123103463077	0.000202008296622049	0.582389919161367	0	0	0	0	0	0	0	0	0	0	0	0	0	0	0	0	0	0	0	0	0	0	0	0	0	0	0	5	0	0	0	0	0	0	0	0	0	0	2	0
SMAD1-AS1	2.18508974974747	4.91896734592216	12.8843956018199	0.000331333127521469	0.682309576174569	0	0	0	0	0	0	0	0	0	0	0	0	0	0	0	0	0	8	0	0	0	0	0	0	0	0	0	0	0	0	1	2	0	3	1	0	0	0	0	0
LINC01905	-5.64153983282893	5.45567956448055	12.2220125370501	0.000472289576523712	0.851006780698664	2	0	0	0	0	0	0	4	2	1	4	0	0	0	0	0	5	0	0	0	0	0	0	0	0	0	0	0	0	0	0	0	0	2	0	0	0	0	0	0
AC108472.1	2.95090761657147	4.12429596394409	11.0953341052836	0.000865451904577727	1	0	0	0	0	0	0	0	0	0	0	0	0	0	0	0	0	0	2	0	0	0	0	0	0	0	0	1	0	0	0	0	0	0	0	0	4	0	0	0	0
AP001350.1	1.89531004810507	5.01357253423398	10.7314001027141	0.00105332717922513	1	0	0	0	0	0	0	0	0	0	0	0	0	0	0	0	0	0	0	3	0	0	0	0	0	0	1	0	0	0	0	1	0	0	1	0	0	0	0	0	0
AC020900.1	1.42599571136656	5.96991407977597	10.5950138671249	0.00113393048640848	1	0	0	0	0	0	0	0	0	0	0	0	0	0	0	0	0	0	0	3	1	1	0	0	0	0	0	0	0	0	0	0	1	0	0	0	0	1	0	0	0
AL603910.1	2.91484470271005	4.25665991468363	10.5899495597628	0.00113704079315526	1	0	1	0	0	1	0	0	2	3	1	1	4	6	1	0	1	0	8	6	0	2	2	6	8	8	0	2	1	1	0	9	4	1	5	0	2	0	0	4	0
AL034550.1	2.20784630656705	4.6855715991805	10.3536117914723	0.00129221604732883	1	0	0	0	0	0	0	2	0	0	1	1	0	0	0	0	0	0	0	0	4	0	0	3	2	0	0	1	0	0	0	0	1	6	2	2	5	1	0	0	4
AC008937.3	1.76251131387657	5.06277147610213	10.3160321704679	0.00131879517279514	1	0	0	0	0	0	0	0	0	0	0	0	0	0	0	0	0	0	0	2	0	0	2	0	0	0	0	0	0	0	0	0	0	0	0	0	0	1	0	1	0
LINC01358	2.72661806051404	4.34717804294077	10.05115807981	0.00152252200927954	1	0	0	0	0	0	0	0	0	0	0	0	0	0	0	0	0	0	3	0	0	0	0	0	0	0	0	0	0	0	0	1	0	0	0	0	1	1	0	0	2
LINC01013	-2.81435839167513	4.02971823714215	10.0254452151297	0.00154392352726491	1	1	6	2	2	4	2	0	4	4	0	4	3	0	7	0	0	0	0	0	0	0	2	0	0	0	1	0	0	4	2	1	0	0	0	1	1	0	3	1	0
AC116366.2	2.0307068529648	4.83455229641846	9.88201176085981	0.00166902359202355	1	0	2	0	0	0	0	0	1	0	0	0	0	0	0	1	0	0	6	3	1	0	1	3	0	3	1	0	0	4	1	0	3	0	0	2	0	0	0	1	0
AC114947.2	1.73984446310582	9.09649256048683	9.860647371443	0.00168851679892525	1	0	0	0	0	0	0	0	0	0	0	0	0	0	0	0	0	6	0	0	0	0	0	0	0	0	0	0	0	0	0	0	0	0	0	0	0	0	0	0	0
AC137932.3	1.81908486401828	4.93817231952782	9.82728665370052	0.00171941806784429	1	0	0	0	0	0	0	0	0	0	0	0	0	0	0	0	0	0	2	0	0	0	0	0	2	0	0	0	0	1	0	0	0	0	0	0	0	0	1	0	0
MIR3945HG	1.38163192921644	6.97094105146872	9.63218918591738	0.00191196580110606	1	0	0	0	0	0	0	0	0	0	0	0	0	0	0	0	0	0	0	1	0	0	0	0	0	0	0	1	0	0	0	0	0	0	0	0	0	4	0	0	0
AC022217.2	2.90515494119392	4.1176182450178	9.58122754288046	0.00196576930316885	1	0	0	0	0	0	0	0	1	0	2	0	2	0	1	0	0	0	0	0	1	0	2	1	1	0	0	5	0	4	0	0	3	2	1	0	0	2	0	0	8
AP001029.2	1.45677477335693	5.5226929381674	9.52164741174467	0.00203062211433264	1	0	1	0	0	0	2	0	2	0	1	0	0	1	1	7	0	0	4	6	3	0	2	2	2	0	2	0	2	0	2	1	1	0	1	4	11	0	0	6	4
MEF2C-AS2	2.50488838652326	4.37603853493477	9.43204394289575	0.00213226507153668	1	0	0	0	0	0	0	0	0	0	0	0	0	0	0	0	0	0	0	0	1	0	0	3	0	0	0	2	0	0	0	0	0	0	0	0	0	0	0	0	0
AC092611.1	2.41980763377996	4.44034171223622	9.35088649722532	0.00222877636863725	1	0	3	0	2	1	2	1	0	0	0	0	0	0	6	4	1	0	0	0	0	0	0	0	0	0	0	1	2	0	0	0	0	0	0	0	0	0	0	1	0
GCC2-AS1	1.3575247851343	5.68018030700256	9.34519285865625	0.00223571124696408	1	0	0	0	0	0	0	0	0	1	0	0	2	9	0	0	1	0	0	2	1	0	3	3	0	0	0	0	7	10	2	0	0	0	0	1	2	0	0	2	18
AL354694.1	2.75620301768962	4.07888617208365	9.28126180270856	0.00231509896570067	1	0	0	0	0	0	0	0	1	0	0	0	0	0	0	9	0	0	0	0	0	0	0	0	0	0	0	1	0	0	0	0	0	0	0	0	0	0	0	0	0
AC026471.3	-2.24621315575904	4.38951161195969	9.25519665426341	0.00234828117694492	1	0	0	1	1	0	1	0	2	0	1	0	2	0	0	0	0	0	2	0	5	0	0	0	1	0	2	0	0	4	0	2	1	0	10	0	1	0	0	2	23
AC007099.1	2.79716797577842	4.0895696336115	9.07019444801854	0.00259809440749949	1	0	0	5	0	0	0	0	0	0	0	0	0	0	0	0	0	0	0	0	0	0	0	0	0	0	0	0	0	0	0	0	0	0	0	0	0	0	0	0	0
LINC02150	2.82246972459076	4.20759776046467	9.0177107899114	0.0026737605057033	1	0	0	0	0	0	0	0	0	1	0	0	0	0	0	5	0	0	0	0	0	0	0	0	0	0	0	0	0	0	0	0	0	0	0	0	0	0	0	0	0
LINC01747	2.78662015948627	4.24244202414151	8.99267568053287	0.00271063819878266	1	0	0	0	0	0	0	5	0	2	0	0	0	0	0	0	0	0	0	0	0	0	0	0	0	0	0	0	0	0	0	0	0	0	0	0	0	0	0	0	0
AC021739.4	1.78574211035808	4.92570006733865	8.9756181511717	0.00273606002314241	1	0	0	0	0	0	0	0	0	0	0	0	0	0	0	0	0	0	0	7	0	0	0	0	0	0	0	0	0	1	0	6	0	1	0	0	0	0	0	2	0
TESC-AS1	2.74417951216171	4.08089050173065	8.84687650328211	0.00293590891706876	1	0	1	0	0	0	0	0	0	0	0	0	3	0	0	0	0	0	0	0	0	0	0	0	0	0	0	0	0	0	0	0	0	0	0	0	0	0	0	0	0
AL139241.1	2.16490718982273	4.54655879112499	8.82899775021617	0.00296481172282464	1	2	2	0	0	0	2	1	2	10	0	6	1	2	0	0	1	0	5	2	6	0	2	0	5	1	5	0	15	4	3	3	7	0	3	1	19	0	4	4	6
LINC00845	-2.64934538376638	3.99938197721141	8.77825205721309	0.00304843176403662	1	0	0	0	0	0	0	0	0	0	0	0	0	0	0	0	0	0	0	0	4	0	0	0	0	0	0	0	0	0	0	0	1	0	1	0	0	0	0	0	0
AC136475.8	-2.59931444448886	4.15661108971543	8.77087861551972	0.00306077972274025	1	0	0	0	0	0	0	0	0	0	0	0	0	0	0	0	0	0	0	0	0	3	0	0	0	0	0	0	0	0	0	0	0	0	0	0	1	0	0	0	0
AC093620.1	2.68406626442626	4.06461134558414	8.75593090136216	0.00308596811981206	1	0	1	0	1	0	1	0	1	0	0	0	3	0	0	2	0	0	0	6	2	0	2	0	2	0	0	0	0	4	7	0	0	1	0	1	29	2	3	1	0
AL023584.1	1.56874685928756	5.22192306218145	8.75585151984914	0.00308610244629423	1	0	1	0	0	0	0	0	0	0	1	0	0	0	2	0	0	0	0	0	0	0	0	0	0	0	0	0	0	0	0	0	0	0	0	0	0	0	0	0	0
LINC02005	2.05932285589371	4.64599728759371	8.66608574023243	0.00324186788657193	1	0	0	3	1	0	2	1	0	0	1	1	0	0	0	0	3	0	0	0	0	0	0	0	0	0	1	0	0	0	0	0	0	0	0	0	0	0	0	0	0
AC007314.1	2.00802840134697	4.65667632116346	8.66215688087502	0.00324886508737009	1	0	0	0	1	1	1	2	2	0	1	3	8	3	7	5	0	0	9	4	4	2	2	3	0	3	2	2	0	0	3	0	24	9	5	2	3	8	1	6	2
AC023510.1	2.69472600602309	4.07668623792524	8.63786089250936	0.00329247790957158	1	1	1	0	0	0	0	3	0	0	0	0	1	0	0	0	0	6	0	0	0	0	0	0	0	0	0	1	0	0	0	0	0	0	0	0	0	0	0	0	0
AC016773.1	1.54346139743429	5.67820222804709	8.60980843349911	0.00334357467598107	1	0	0	0	3	0	0	2	0	0	0	1	0	0	0	0	0	0	2	0	1	0	3	0	1	0	3	8	0	0	4	0	0	5	3	0	2	0	0	0	0
C1orf140	1.744345157256	4.88886106186612	8.59751839937763	0.00336621384831063	1	0	0	0	0	0	0	0	0	0	0	0	0	0	0	0	0	0	0	0	0	0	0	1	0	0	0	0	0	0	0	0	1	0	0	6	0	0	0	0	0
GTSCR1	-2.49229679772597	3.98334897622234	8.36721328996952	0.00382051024773517	1	0	0	0	0	0	1	0	0	2	1	0	1	0	0	0	0	0	0	0	0	0	0	0	0	0	0	0	0	0	0	0	0	0	0	0	0	0	0	0	0
AC008758.2	2.59923034409167	4.05240570737701	8.25253493445334	0.00406951317910226	1	0	0	0	0	0	0	0	0	0	0	0	1	0	0	7	0	0	2	1	0	0	1	3	0	1	0	0	0	0	1	1	0	0	0	5	15	0	5	1	0
AC009137.1	2.01146386850544	4.58895457030243	8.24301042202617	0.00409092255090008	1	0	2	0	0	0	0	0	0	0	0	0	0	0	3	0	1	0	0	0	0	0	0	0	0	0	0	0	0	0	0	0	0	0	0	0	0	0	0	0	0
AC087521.2	1.59306638255046	5.06369268072224	8.20535055761394	0.00417670385807958	1	3	0	0	0	0	1	20	0	0	0	1	0	2	0	3	0	0	1	1	0	0	0	0	2	0	0	0	0	0	0	1	0	0	0	0	4	0	3	0	0
AC002525.1	2.62104289733645	4.05582934563497	8.10888414729596	0.00440488335520347	1	1	3	0	0	1	0	1	0	0	3	1	0	0	0	0	0	0	1	0	1	0	1	9	2	3	0	0	0	2	1	0	0	4	0	1	18	0	0	1	2
AL360227.1	2.61280597084505	4.05457737784769	8.10862418578613	0.0044055151098648	1	0	0	0	0	0	0	0	0	0	0	0	0	0	0	0	0	0	0	1	0	0	0	0	0	0	0	0	0	2	0	1	3	0	0	0	0	0	0	0	0
AC147651.3	1.12120076233967	6.04957690914142	8.02805148638796	0.00460583618582112	1	0	0	0	0	0	0	0	0	0	0	0	0	0	0	0	0	0	0	0	0	0	1	0	0	0	0	0	5	2	1	0	0	0	0	1	2	0	0	0	3
IDI2-AS1	1.40847553852119	7.05847631686697	8.02616562902741	0.0046106343475626	1	0	1	0	3	0	0	0	0	0	0	0	0	0	0	0	0	0	0	1	6	0	0	0	1	2	0	1	0	0	0	8	0	0	3	6	0	0	0	1	0
AC091736.1	2.53995597906344	4.04062705961441	8.01286642296315	0.0046446161929401	1	1	1	0	0	0	1	2	5	2	0	0	0	0	2	1	4	0	5	6	4	0	2	3	4	10	7	0	0	1	1	2	1	4	3	6	11	6	6	5	5
CECR9	2.61602649336114	4.05499172616077	7.98553378299336	0.0047152590925654	1	0	0	0	0	0	0	0	0	0	3	0	2	0	0	0	0	0	4	2	1	0	0	0	0	1	3	1	0	0	0	1	0	1	2	1	8	2	0	0	2
AP001469.1	1.25816656199296	5.68330962146772	7.95472291363563	0.00479620512280994	1	0	0	0	0	0	0	0	0	0	0	0	0	0	0	0	0	0	0	0	0	0	0	0	0	0	0	2	0	1	0	0	0	0	0	0	3	1	0	0	0
AL645608.6	-2.32960082693896	3.95934999350857	7.94217924684488	0.00482956389247939	1	0	0	0	0	0	0	0	0	0	0	0	0	0	0	0	0	0	0	0	0	0	0	0	0	0	0	0	0	0	0	2	0	0	1	0	2	0	0	1	0
AC090099.4	2.65292778237119	4.06080068257075	7.85460310240568	0.00506914792267258	1	0	0	0	0	0	1	0	1	1	1	0	2	1	0	0	1	0	0	0	3	0	0	3	4	0	1	0	0	0	0	2	1	4	3	2	24	4	0	0	2
AC099521.1	-2.41551309420201	3.96059073072328	7.80901857943837	0.00519861296879106	1	0	0	0	0	0	0	0	0	0	0	0	1	0	0	0	0	0	0	0	1	0	0	0	0	0	0	2	0	4	0	0	0	0	0	0	7	0	0	0	1
AC132803.1	2.56285239156892	4.04403550391005	7.774085642424	0.00530010369115488	1	0	13	0	4	0	0	4	1	7	0	3	2	4	0	0	2	0	0	0	0	0	4	0	0	0	1	1	0	0	0	1	0	0	1	1	0	2	1	2	2
AC079062.1	2.48774280787445	4.26586986456289	7.60356993242837	0.0058252847695341	1	6	1	0	1	3	1	4	0	0	0	0	0	0	2	0	2	0	4	1	7	0	6	1	2	3	2	3	0	0	10	4	0	2	1	3	26	2	2	1	4
AC079598.1	2.05930423555629	4.50084414055235	7.52143085781803	0.00609692323304038	1	0	0	0	0	0	0	0	2	0	0	0	2	0	0	0	0	0	0	0	0	0	0	0	0	0	0	0	0	0	0	0	0	0	0	0	0	0	0	0	0
AC073342.2	2.48779947939707	4.25237472767815	7.48135111293999	0.00623412741520398	1	0	0	0	0	0	0	0	0	0	0	0	0	0	0	0	0	0	0	0	4	0	0	0	0	0	0	0	0	0	0	1	0	0	0	0	2	0	0	0	1
AL157955.1	2.46768923923629	4.02730427680744	7.40159127119002	0.0065166206696772	1	3	0	1	6	0	2	0	3	2	0	0	1	2	2	1	4	4	6	3	9	3	5	2	1	7	2	6	4	7	8	7	4	7	4	2	5	1	1	4	9
AP000911.2	2.46567271286419	4.0273994342769	7.38486591329738	0.00657749734204233	1	2	1	0	0	0	0	0	0	1	0	0	0	0	1	0	0	0	0	0	0	0	0	0	0	0	0	0	0	0	0	0	0	0	0	0	0	0	0	0	0
AC002546.1	-2.46260958610593	4.12792668115101	7.37204181078407	0.00662456736952641	1	0	1	0	0	0	2	2	0	0	2	4	0	0	1	2	0	0	0	0	0	0	0	0	0	0	0	0	0	0	0	0	0	0	0	0	0	0	3	0	0
AC006960.2	1.91360188288623	4.58740805909304	7.32699643371664	0.00679264705154834	1	0	0	0	0	0	0	0	0	0	0	0	0	0	0	0	0	0	0	0	0	0	0	0	0	5	0	0	0	0	0	0	1	0	0	0	0	0	0	0	0
ZMIZ1-AS1	1.06569029972836	6.53842556846492	7.29751833280984	0.00690499173970511	1	0	0	0	0	0	0	0	0	0	0	0	0	0	0	0	0	0	0	1	2	0	0	0	0	0	0	0	0	0	0	1	0	0	1	0	3	0	0	0	0
AC092327.2	2.46333746915475	4.02301807387415	7.28341472628172	0.00695941180946748	1	0	0	0	4	0	0	0	0	1	0	0	0	0	0	0	0	0	0	0	0	0	0	0	0	0	0	0	0	0	0	0	0	0	0	0	0	0	0	0	0
AC126696.3	-2.2771505515849	3.95064140301682	7.27587863626116	0.00698866991101297	1	0	0	1	0	0	0	0	0	0	0	2	0	0	0	0	0	0	0	0	0	0	0	0	0	0	0	0	0	0	0	0	0	0	0	0	0	0	0	0	0
LINC02041	-2.36960029599497	4.19218445393633	7.26543155684769	0.00702943760568426	1	1	0	0	15	1	6	3	1	2	2	2	0	0	2	0	1	4	0	4	6	7	11	2	2	2	3	0	58	27	0	1	6	1	0	11	4	0	0	13	0
AC015819.1	2.10700082155534	4.41132400197006	7.26358206923513	0.00703668014454702	1	0	2	0	0	0	0	3	0	0	0	0	1	0	0	0	1	0	0	1	10	0	1	1	0	0	0	0	6	1	2	0	9	0	0	0	3	1	1	3	0
FLJ42969	2.54470562920317	4.17465620406373	7.25737199858188	0.00706105441948637	1	0	0	0	0	2	0	0	0	0	0	0	0	12	0	0	0	2	0	0	0	0	0	0	0	0	0	0	0	0	2	0	0	0	0	0	0	0	0	0	0
MIR7-3HG	2.56196965651117	4.17321853418649	7.23890778078209	0.00713403648891053	1	0	0	0	0	0	0	3	0	0	0	0	0	31	0	0	0	0	0	0	0	0	0	0	0	0	0	0	0	0	0	0	0	0	0	0	0	0	0	0	2
AP000911.3	-3.42692332596982	4.1360549629577	7.19275770557362	0.00731984000976248	1	6	7	0	2	2	0	6	4	2	1	3	0	1	3	3	3	0	6	8	0	0	3	3	10	9	4	4	9	4	9	6	12	2	5	1	1	1	7	4	8
AP001605.1	2.44632412901855	4.02511257386105	7.18740558557388	0.0073417056792206	1	0	0	0	0	0	0	0	0	0	0	0	0	0	0	0	0	0	1	0	0	0	0	0	2	0	0	0	0	0	3	0	1	0	0	0	0	0	0	0	0
AL160408.3	-1.27711144323589	5.30467080957308	7.1489495987996	0.00750079045054308	1	1	0	0	0	2	1	1	1	0	0	1	2	0	2	4	3	0	1	0	1	0	0	5	4	2	1	0	0	1	3	2	1	5	2	0	36	1	1	0	0
AC007598.3	-2.51563134543318	4.05150622291617	7.14198304860628	0.0075299845137768	1	0	0	0	0	0	0	0	0	0	0	0	0	0	0	0	0	0	3	1	0	0	0	1	0	0	0	0	0	0	0	0	0	0	0	0	0	0	0	0	2
AC093525.9	2.54344626923952	4.02072079516371	7.11230259662476	0.00765567105766793	1	0	4	0	0	0	0	0	0	0	0	0	0	0	0	0	1	0	0	1	0	4	1	0	1	0	2	0	0	2	0	3	5	1	3	2	1	2	0	2	3
SND1-IT1	-1.80576232936027	4.52130808398756	7.10747913268975	0.0076762984624301	1	1	3	0	0	4	5	0	0	3	0	2	1	0	0	9	2	0	0	0	0	0	0	1	0	0	1	2	0	0	0	0	0	0	0	1	0	2	0	2	0
AL139042.1	2.54026459864263	4.03231598842307	7.10203365095143	0.00769965420651016	1	0	2	0	0	0	1	0	0	0	0	1	1	0	0	0	0	0	0	2	0	0	5	0	2	0	0	1	1	0	0	0	0	4	8	1	0	0	2	1	1
AC079466.1	2.37865872005534	4.01265289482768	7.04183584076634	0.00796273705259446	1	8	10	0	0	0	3	2	1	5	2	0	0	3	1	5	4	0	3	5	87	0	9	4	3	1	10	7	8	2	0	4	2	1	2	0	1	3	7	11	7
LINC01088	2.4331743064956	4.01904786645844	7.04059007010772	0.00796827749528742	1	3	1	0	1	0	1	6	1	7	2	2	0	0	0	8	2	5	13	7	2	0	4	8	5	0	9	5	2	4	4	4	7	6	1	5	0	0	2	0	37
AC010175.1	1.30443406524855	5.27386699372863	7.01769414775757	0.00807080996600301	1	3	9	1	6	1	3	10	1	3	2	4	0	4	0	0	1	4	0	0	7	0	0	0	0	1	8	0	5	1	1	0	0	3	0	1	0	0	0	1	2
LINC00941	1.63679586927195	4.82006570895637	6.99504166426889	0.00817358061168494	1	0	0	0	0	0	0	0	0	1	0	0	0	0	0	0	0	5	0	0	0	0	0	0	0	0	0	0	0	0	0	0	0	0	0	0	0	0	0	0	0
AL606970.2	2.38749328554293	4.01372553018262	6.97826748135	0.00825054427942808	1	2	1	1	1	0	1	2	0	4	0	0	0	1	3	1	0	0	0	0	0	0	0	0	0	0	1	1	1	0	0	0	0	0	0	0	0	0	1	0	1
AC078777.1	2.33522051222164	4.24198682950234	6.93697498407208	0.00844317829507836	1	0	0	0	0	0	0	0	0	0	0	0	0	0	0	0	0	0	0	0	3	0	0	0	0	0	3	0	0	0	0	0	0	0	0	0	0	0	0	0	0
PRR7-AS1	1.59044792566735	5.12859167135626	6.90960110731058	0.00857341153858126	1	0	2	1	0	0	0	0	2	0	0	0	1	3	0	4	0	0	1	1	2	2	3	2	4	1	1	1	0	0	1	0	5	4	4	1	5	8	2	1	3
AC091180.4	2.34879162265743	4.23489702041719	6.8993808524449	0.00862256062292934	1	0	0	2	1	0	5	0	2	4	3	2	0	4	6	3	0	0	2	13	5	3	2	1	1	2	3	0	6	3	5	1	1	0	4	5	17	12	3	3	8
AC083949.1	1.60649461418494	4.79082309561172	6.84201113689682	0.00890385424612435	1	0	0	0	0	0	0	0	0	0	1	0	0	0	0	1	0	0	0	3	3	6	0	0	0	0	1	0	0	0	2	0	0	0	0	0	1	0	0	0	0
AC078906.1	-2.47394786949278	4.0608641936103	6.83596087400154	0.00893406222973097	1	1	0	0	0	5	6	0	5	0	1	0	1	1	1	0	0	0	7	7	1	1	4	0	0	3	1	5	2	1	2	1	6	2	2	1	0	4	2	9	2
TCL6	-2.41599333025122	4.04795732853252	6.82329741028135	0.00899762896033638	1	0	0	1	0	0	0	1	1	0	0	1	0	2	0	0	0	0	0	1	0	3	0	0	1	3	0	4	1	1	0	1	0	2	1	0	2	1	0	7	1
AL121985.1	1.2981960761919	5.30348037902135	6.74848624128663	0.00938272564850681	1	0	0	0	0	0	0	0	0	0	0	0	0	0	0	0	0	0	0	0	0	2	0	0	0	0	0	0	0	0	3	0	0	0	0	0	0	0	0	0	0
AL096701.3	1.51468591104718	4.88599189193084	6.72506746729407	0.00950671346587601	1	0	0	0	0	0	0	0	0	0	0	0	0	0	0	0	0	0	0	0	0	0	0	0	0	0	0	0	0	0	0	0	11	0	0	0	0	0	0	0	0
EPHA1-AS1	1.96560218804218	4.45467636359565	6.70782364586069	0.00959908072292914	1	0	0	0	0	0	0	4	0	0	0	0	0	0	0	0	0	0	0	0	0	0	0	0	0	0	0	0	0	0	0	0	0	0	0	0	0	0	0	0	0
AP003059.1	2.25789400187464	3.99413948136078	6.54383934616808	0.0105247967645899	1	0	0	0	0	0	0	0	0	1	3	0	0	0	0	0	0	0	0	0	0	0	0	0	0	0	0	0	0	0	0	0	0	0	0	0	0	0	0	0	0
Z94057.1	-2.16877533899011	3.93711555803949	6.50086867195822	0.0107821800714051	1	2	1	2	6	3	2	0	1	3	6	0	13	5	9	4	3	0	9	9	5	0	4	4	5	2	5	4	1	4	1	4	4	7	17	9	124	2	6	6	10
AC092140.2	2.16491154125178	4.27670189458839	6.47193932240511	0.010959087972275	1	0	0	0	0	0	0	0	0	0	0	0	0	0	0	0	0	0	0	0	0	0	1	1	0	1	0	0	0	0	0	0	0	1	0	0	5	1	0	0	0
AL355377.2	1.91888340685575	4.44288706286108	6.46864899200273	0.0109793966246933	1	0	1	0	0	0	0	0	0	0	0	0	0	0	0	0	0	0	0	0	6	0	4	0	0	0	1	1	0	0	0	0	1	1	0	0	0	0	0	0	0
FAM83A-AS1	1.15126328695782	10.1801825355635	6.40383047967119	0.0113874411990212	1	0	0	0	0	1	0	0	0	0	0	0	0	0	0	3	0	0	0	0	0	0	0	0	0	0	0	0	0	0	0	0	0	0	0	0	0	0	0	0	0
LINC00562	1.46406633701556	4.89921372408398	6.40242309053735	0.0113964715973303	1	4	1	0	3	0	1	0	0	0	1	0	1	0	0	0	0	0	0	0	0	0	0	0	0	0	0	0	0	0	0	0	0	0	0	0	0	0	0	0	1
POU6F2-AS2	2.33153047887024	4.00227816612902	6.39811195185777	0.0114241794378013	1	0	2	1	0	0	0	0	0	1	0	1	1	0	1	4	4	0	5	1	2	0	1	5	0	6	0	2	2	2	0	4	1	0	5	5	36	3	0	1	0
AL136164.3	1.43008670063057	4.96780743681585	6.37855330334682	0.0115507546728771	1	3	4	5	2	0	0	3	5	0	3	0	0	0	0	0	0	0	0	0	2	0	2	0	0	0	0	1	0	2	0	0	0	0	1	0	0	1	0	0	0
AC009704.1	1.41982169935893	4.97518108986042	6.36872612126199	0.01161489447883	1	0	0	0	0	0	0	0	0	0	0	0	0	0	0	0	0	0	0	0	16	0	0	0	0	0	2	0	0	0	0	0	0	0	0	0	1	0	0	1	0
AC092839.1	-2.08242873899522	3.93453341677049	6.35746700984585	0.0116888297821085	1	1	0	0	0	0	0	0	0	0	0	0	0	0	0	0	0	0	0	0	2	0	0	0	0	0	2	1	0	4	0	0	0	0	0	0	9	0	0	0	0
AP000919.2	1.04235681709382	6.29628266988097	6.32414739546477	0.0119104737672031	1	0	0	0	0	0	0	0	0	0	0	0	0	0	0	0	0	0	0	0	0	0	0	0	2	0	0	0	0	0	0	0	0	0	0	0	0	2	0	3	0
AC007192.2	1.32334842991605	5.12492061486266	6.3208689015375	0.0119325144283529	1	0	0	0	0	0	0	0	0	0	0	0	0	0	0	0	0	0	0	0	3	0	1	0	0	0	1	0	0	0	0	0	0	2	0	0	11	0	0	0	0
AC005740.4	2.06128066586721	4.3217649738975	6.31101779248149	0.0119989938173246	1	0	0	0	0	0	0	0	0	0	0	0	0	0	0	4	0	0	0	0	0	0	0	0	0	0	0	0	0	0	0	0	0	0	0	0	0	0	0	0	0
LINC01132	1.20481528874352	5.43140621183864	6.29055623488719	0.0121382952166589	1	0	0	0	0	0	0	0	0	0	0	0	0	0	0	0	0	0	0	0	0	4	0	0	0	0	0	0	0	0	0	1	0	0	0	0	0	0	0	0	0
LINC01179	2.30538807614586	4.00417794523973	6.28303322482843	0.0121899282090123	1	0	4	0	0	0	0	1	0	0	0	0	0	0	0	2	0	7	0	0	0	0	0	0	0	0	0	1	0	0	0	0	0	0	1	0	0	0	0	1	0
AC137834.2	-1.50807376183778	4.7301638524784	6.24065142965301	0.0124850545058485	1	0	0	0	0	0	0	0	1	0	0	0	0	0	0	0	0	0	0	3	0	0	0	5	0	0	0	0	0	0	3	0	0	0	0	0	1	0	2	1	0
PRR31	-2.01553917819195	3.92530818639564	6.23243967492298	0.0125430809225424	1	0	0	0	0	0	0	0	0	0	0	0	0	0	0	0	0	0	0	0	0	0	0	0	0	0	0	0	0	2	0	0	0	0	2	0	0	0	0	0	3
C2orf48	1.47169421424778	4.85005722052789	6.21506425226505	0.012666775496331	1	10	2	0	0	0	1	9	0	0	1	0	2	0	1	0	0	0	0	1	9	0	5	0	5	0	0	29	10	0	2	0	5	2	2	0	1	0	4	2	14
AL355490.1	-1.789703506395	4.43946651170018	6.20014415342565	0.0127739908644601	1	0	0	0	0	0	0	0	0	0	0	0	0	0	0	0	0	0	0	1	0	0	0	0	0	0	0	0	0	0	0	1	0	0	5	0	4	0	0	0	0
TMEM75	3.05271833263739	4.05909537540737	6.19285610885882	0.0128267011396402	1	1	0	0	3	0	1	2	0	0	0	0	0	0	0	0	0	0	2	1	2	2	0	0	0	0	0	2	1	1	6	0	0	0	3	8	1	1	2	2	0
AC002310.6	1.95314886761671	4.38143229950257	6.16901999353029	0.0130006607026109	1	1	7	2	2	2	0	4	9	3	3	0	0	0	0	0	0	0	0	0	0	0	0	0	0	0	1	0	0	0	1	0	1	0	0	1	1	1	0	0	1
AC117490.2	2.38237153487233	4.14025998796408	6.15290296402674	0.0131196578862307	1	3	3	0	1	1	4	9	8	4	8	5	6	4	0	7	0	0	0	0	9	0	3	0	1	0	0	1	2	0	0	5	0	0	0	4	2	0	3	0	7
AC007064.2	-2.02746762858036	3.9259792301328	6.12540403098312	0.0133252830339178	1	0	0	0	0	0	0	0	0	0	0	0	0	0	0	0	0	0	0	0	0	0	0	0	2	0	1	0	0	0	0	0	0	0	0	0	6	0	0	0	0
AC004832.6	1.42236796703311	4.92414180651024	6.11822665850919	0.0133794956610869	1	0	0	0	0	0	0	0	0	0	0	1	0	0	0	0	0	0	0	0	2	0	3	0	2	0	0	0	4	0	0	0	0	3	0	1	2	0	0	0	0
AL391422.2	2.34234377938086	4.12274029333317	6.11568377029291	0.0133987571465846	1	0	0	0	0	0	0	0	0	4	0	0	0	0	0	0	0	0	0	0	0	0	0	0	0	0	0	0	0	0	0	0	0	0	0	0	0	0	0	0	0
AC122136.1	-2.2025413483085	3.93950493734286	6.10403456166998	0.0134873610168806	1	6	0	0	0	0	0	0	0	0	0	0	0	0	0	0	0	0	0	0	0	0	0	0	0	0	0	0	0	0	0	0	0	0	0	0	0	0	0	0	0
LINC02215	-2.2025413483085	3.93950493734286	6.10403456166998	0.0134873610168806	1	0	0	0	0	4	0	0	0	0	0	0	0	0	0	0	0	0	0	0	0	0	0	0	0	0	0	0	0	0	0	0	0	0	0	0	0	0	0	0	0
AC147067.2	-2.03361145144158	4.22516259006398	6.08719134200201	0.013616537293025	1	1	0	0	0	0	0	0	0	1	1	0	1	0	0	0	0	0	0	5	2	0	0	0	0	0	0	0	0	2	0	0	2	0	0	0	8	4	2	0	3
AC016957.2	1.19202781003281	5.37991342347604	6.08571530392412	0.0136279179922794	1	0	2	1	2	0	0	0	0	2	0	0	3	0	2	2	2	0	6	3	13	0	0	0	0	0	2	4	3	0	0	4	3	0	2	2	5	3	0	8	0
AC007881.2	-2.33573377794076	4.0323598796315	6.07817657957422	0.013686196608794	1	0	1	0	0	0	0	0	0	0	0	0	0	5	0	0	0	0	0	0	0	0	0	0	0	0	0	0	0	0	0	0	0	0	0	0	0	0	0	0	0
AC002044.3	-2.01331324976309	4.26654072833475	6.07135306595882	0.013739167254869	1	0	0	0	0	0	0	0	0	0	0	0	0	0	0	0	0	0	4	0	0	0	0	0	0	0	0	1	0	0	0	0	0	0	0	0	1	0	0	0	0
U62317.3	2.17400981748363	3.98118677373131	6.06753513165146	0.0137688976795103	1	0	0	0	0	0	0	0	0	0	0	0	0	0	0	0	0	0	0	0	0	1	0	0	2	0	0	0	0	0	0	0	2	0	0	0	0	0	0	0	0
AC100778.3	2.33681674663235	4.12455594998388	6.06039446985632	0.0138246800921283	1	5	1	0	2	4	4	8	0	0	4	3	7	12	0	2	1	0	0	1	2	0	0	0	0	0	0	0	1	2	0	0	1	0	0	8	1	5	0	0	2
C11orf72	-1.90728678115255	4.32272721057971	6.02288826643669	0.014121517711002	1	0	0	0	0	0	0	0	0	0	0	0	0	0	0	0	0	0	0	0	0	3	0	0	0	1	0	0	0	0	0	0	0	0	0	0	0	0	0	0	0
AL353616.2	2.25956975574078	3.99484548601351	6.02114922134752	0.0141354391818034	1	0	1	0	4	0	0	0	0	0	0	1	2	0	0	0	0	0	2	0	3	0	3	1	5	3	0	1	0	2	5	0	0	0	2	2	1	0	7	0	2
AC006372.3	-2.09342912424661	4.19186593029523	6.00938385564639	0.0142299954693463	1	1	4	6	1	2	1	0	4	2	6	2	5	9	6	3	2	2	5	12	9	1	13	2	1	8	3	1	0	2	4	3	1	4	4	3	81	5	2	4	3
AP002433.1	1.09087077551433	5.69619028239215	5.96377375483255	0.0146027526502213	1	0	0	0	0	0	0	0	0	0	0	0	1	0	0	1	0	0	0	0	3	1	0	0	0	0	0	0	0	3	8	0	10	0	0	0	0	0	0	0	0
SPINT1-AS1	-1.32900762398033	4.94838887801675	5.95116047946387	0.0147076007564719	1	0	0	0	0	0	0	0	0	0	0	0	0	0	0	0	0	0	0	0	0	0	2	0	0	0	0	0	0	3	0	2	0	0	0	0	0	0	0	0	0
AL035427.1	2.31864667162067	4.11476826257581	5.93805792539946	0.0148173369745033	1	0	0	0	2	0	0	0	0	0	0	0	0	0	0	0	0	0	3	0	0	0	1	2	0	0	0	1	8	0	0	0	1	2	4	0	4	0	0	0	0
AC011676.5	1.82375098531409	4.47480028866148	5.93438961688425	0.0148482105025465	1	0	6	0	0	1	0	0	0	0	1	0	0	0	0	0	0	6	0	0	0	0	0	0	1	0	0	0	0	0	0	0	0	0	0	0	0	0	0	0	0
AC008649.2	-1.94793464272433	3.91607062943281	5.92258358981271	0.014948023777943	1	0	0	0	0	0	0	0	0	0	0	0	0	0	0	0	0	0	0	0	0	0	3	0	0	0	0	0	0	0	0	0	0	0	0	0	0	3	0	0	0
AC068860.1	-1.43345954883279	4.75700351541689	5.88184980538008	0.0152977416894377	1	0	0	0	0	0	0	1	0	0	0	0	1	0	0	0	0	0	0	0	0	0	1	0	0	0	0	0	5	0	11	0	0	0	0	0	0	0	11	0	0
IRAIN	-1.98268120394283	3.91826774744487	5.87916182445622	0.0153211135528591	1	0	0	0	0	0	0	0	0	0	0	0	0	0	0	0	0	0	0	0	0	0	0	0	0	0	1	0	1	1	0	0	0	0	3	2	1	3	0	0	0
PLCG1-AS1	1.18246165777983	5.37910136812604	5.86320332823001	0.0154606314061826	1	0	0	0	0	0	0	0	0	1	0	0	0	0	0	2	3	0	15	3	0	0	0	4	1	0	2	2	0	0	0	0	2	4	0	3	6	0	2	0	0
AC004895.1	1.97802793932831	4.31843143322692	5.84153649007701	0.0156521525723527	1	0	0	0	0	0	0	0	0	0	0	0	0	0	0	0	0	0	0	0	1	0	0	1	0	0	0	0	0	0	1	1	0	0	2	0	0	0	1	0	0
AP003392.6	-1.27634732077422	4.93461890151779	5.83151131411137	0.0157415943710286	1	1	0	0	3	0	1	1	2	0	0	0	1	0	1	1	0	3	10	1	3	0	0	0	3	0	4	0	1	1	0	3	3	0	1	6	18	4	2	4	2
AP003068.3	1.18190276755972	5.28954901057673	5.8253289024481	0.0157970144912434	1	0	0	0	0	0	0	0	9	0	0	0	0	0	3	0	0	0	0	0	0	0	0	0	0	0	0	0	0	0	0	0	0	0	0	0	2	0	0	0	0
AC018552.3	-1.96879404671407	3.91732870470326	5.82457407649063	0.0158037946302054	1	0	0	0	0	0	0	0	0	0	0	0	0	0	0	0	0	0	0	0	0	0	0	0	0	0	0	0	0	0	0	0	0	0	0	3	1	3	0	0	0
RNU6ATAC35P	2.18556612324377	4.20084194794228	5.82450741617353	0.0158043935430735	1	0	0	0	0	0	0	0	0	0	0	0	0	0	0	0	0	0	0	0	0	0	0	6	0	0	0	0	0	0	0	0	0	2	0	1	0	0	0	0	0
AC026401.1	2.17556996317217	3.98527192749742	5.80958795716879	0.0159390283698991	1	0	1	0	4	3	2	2	0	2	0	1	2	0	1	2	1	0	9	1	1	0	5	2	3	4	2	0	0	2	1	5	3	1	6	1	50	0	0	0	1
FAM157C	1.01610445392581	5.81107029011789	5.79269991435792	0.0160928551737497	1	0	2	0	0	0	0	0	0	0	1	0	0	0	0	0	2	0	0	0	5	0	0	0	0	0	0	0	0	0	0	7	0	0	0	0	13	6	0	0	0
AP001922.5	2.80927540445342	5.18555778010955	5.78956993924633	0.0161215326019095	1	0	0	0	0	0	0	0	0	0	0	0	0	0	0	0	0	0	0	4	0	0	0	0	0	0	0	0	0	0	0	0	0	0	0	2	0	0	0	9	0
LINC01164	-1.94552912757289	3.9157778225956	5.78680499672951	0.016146909351201	1	0	0	0	0	1	0	0	3	0	0	0	0	0	0	0	0	0	0	0	0	0	0	0	0	0	0	0	0	0	0	0	0	0	0	0	0	0	0	0	0
AC020907.4	2.10975204486036	3.97374541458434	5.77457446321471	0.0162596565560253	1	0	0	0	0	0	0	0	0	0	4	0	0	0	0	0	0	0	0	0	0	0	0	0	0	0	0	0	0	0	0	0	0	0	0	0	0	0	0	0	0
LINC01848	2.84993168752863	4.01882110797213	5.76092664357075	0.0163864276381073	1	0	0	0	0	0	0	0	0	0	2	0	0	0	0	0	0	0	1	2	0	0	0	0	0	0	0	0	0	0	0	0	6	5	2	3	1	0	0	0	6
ADGRD1-AS1	2.15451627777234	3.98277145442089	5.74633062717547	0.0165231344946777	1	0	0	0	0	0	0	0	0	0	0	0	0	0	0	0	0	0	1	2	0	0	0	0	0	1	0	0	1	0	0	4	0	1	0	0	3	0	0	1	0
AC092112.1	2.10374624756672	4.26239332614518	5.74289815873601	0.0165554535820372	1	0	0	0	1	0	0	0	0	0	0	0	0	0	0	2	0	0	3	0	0	0	3	0	0	5	0	0	0	0	0	2	3	0	0	0	0	2	0	7	0
LINC02259	-1.81739299884786	3.90643807989492	5.73536752814882	0.0166265883268624	1	0	2	0	0	0	0	0	0	0	0	1	0	0	0	0	0	0	1	0	0	0	0	0	0	0	0	2	2	0	0	1	0	6	3	0	5	3	4	0	2
AC092611.2	1.3029471799408	5.08089492063681	5.73014097695333	0.0166761438449605	1	0	0	4	0	0	0	0	0	0	0	0	0	0	0	0	0	0	0	0	0	0	0	0	0	0	0	0	0	0	0	0	0	0	0	0	0	0	0	0	0
AL161935.3	2.15898065317699	3.97968106834427	5.723896953106	0.0167355462727722	1	0	0	0	0	0	0	0	0	0	0	0	0	0	0	0	0	0	0	0	0	0	0	1	0	0	0	0	0	0	0	0	4	0	3	0	0	1	2	1	0
AC020551.1	2.49985606412903	4.02113887766722	5.71850850119442	0.0167869846442995	1	0	0	0	0	1	0	0	1	0	0	0	2	0	0	0	0	0	0	3	10	0	2	0	0	2	0	0	0	1	0	13	0	0	1	3	3	2	0	0	0
AC016575.1	-1.76378643174906	4.37413529627324	5.71786092821745	0.0167931773674044	1	0	0	0	5	0	1	0	6	0	5	0	0	0	7	0	1	0	23	5	7	0	7	0	3	3	0	6	2	2	7	3	4	0	5	0	3	0	4	3	3
LINC02086	-1.91114829642414	3.91344022856847	5.70108194168133	0.0169544585527842	1	0	0	0	0	0	0	0	0	0	0	0	4	0	0	0	0	0	0	0	0	0	0	0	0	0	0	0	0	0	0	0	0	0	0	0	0	0	0	0	0
AC007009.1	-2.35782283628028	3.93209743255954	5.69037503043415	0.0170582086833727	1	0	0	0	0	0	0	0	0	1	0	0	0	0	0	0	0	0	0	0	0	0	0	0	0	0	0	0	0	0	0	1	0	6	0	0	0	0	7	0	0
LINC00700	-1.90462677407839	3.91307991042927	5.68751501333397	0.0170860329781219	1	0	0	0	0	0	0	0	0	0	0	0	0	0	0	0	0	0	0	0	0	0	0	0	0	0	0	0	6	0	0	0	0	0	0	0	0	0	0	0	0
AL133516.1	-1.90528208224517	3.91298192333434	5.66827698678768	0.0172744151665695	1	0	1	0	0	0	0	0	0	0	0	0	7	0	0	0	0	0	0	0	0	0	0	0	0	0	0	0	0	0	0	0	0	0	0	0	0	0	0	0	0
AC005746.3	-2.02913455325627	3.92167797898504	5.65106981682206	0.0174447264036372	1	4	0	0	1	0	0	0	0	1	0	0	1	0	0	1	2	7	0	0	0	0	0	0	0	0	0	1	0	1	0	0	0	0	0	0	0	2	0	0	0
AC092162.2	-2.02639229699312	3.90824788289439	5.6473758582967	0.0174815134283823	1	0	0	0	0	0	0	0	0	0	0	0	0	0	0	0	0	0	0	0	3	3	0	0	0	0	0	0	0	0	0	0	0	0	0	0	2	0	3	0	0
AC018766.1	1.51691277643087	4.68024391309129	5.63824719893359	0.0175727667930175	1	0	0	0	0	0	0	0	0	0	0	0	0	0	0	0	0	0	0	0	3	0	0	1	0	0	2	0	0	0	0	0	4	1	0	0	0	0	1	2	1
ZNF350-AS1	2.2974550292356	4.10236928443778	5.63802247981166	0.0175750193559949	1	0	0	0	0	0	0	0	0	1	0	0	0	0	0	0	0	0	3	0	0	0	1	0	0	1	0	0	0	0	0	3	0	0	1	1	1	0	0	0	2
AC021231.1	-2.23066420565702	4.01012389894867	5.59751719433896	0.0179859488770462	1	0	0	0	0	0	0	0	0	0	0	0	0	1	0	0	0	0	0	1	2	0	0	0	0	1	1	0	0	1	1	0	2	0	2	0	1	1	0	1	2
AC087386.1	2.17068960564957	3.97611770137275	5.57628379627653	0.018205313725741	1	0	0	2	0	0	1	2	2	0	0	0	0	0	0	0	1	0	0	0	0	0	0	0	0	0	0	0	0	0	0	0	0	0	0	0	0	0	0	0	0
AC007029.1	-1.85191692948192	3.90928049499025	5.53485960022113	0.0186412610553747	1	0	0	0	0	0	0	0	0	0	1	0	0	0	0	0	0	0	4	0	0	0	0	0	0	0	0	0	0	6	0	1	0	0	0	0	4	0	1	1	2
AC048380.3	-1.95225057260297	3.91646477630798	5.51947183189897	0.0188059358916469	1	0	0	0	2	1	0	14	1	1	2	0	0	0	0	3	0	3	0	1	0	0	0	1	0	1	1	0	1	0	0	0	1	0	0	1	1	0	0	0	1
AL390726.3	-1.95225057260297	3.91646477630798	5.51947183189897	0.0188059358916469	1	0	0	0	0	0	0	0	0	0	4	0	0	0	0	0	0	0	0	0	0	0	0	0	0	0	0	0	0	0	0	0	0	0	0	0	0	0	0	0	0
AGBL5-AS1	-2.23068016908301	4.02349815250594	5.51324896285889	0.0188729570958579	1	0	0	0	0	0	0	0	0	6	0	0	0	0	0	0	0	0	0	0	0	0	0	0	0	0	0	0	0	0	0	0	0	0	0	0	0	0	0	0	0
AC018809.2	1.19075503104488	5.20789321150649	5.50849887754644	0.0189242822568301	1	0	0	0	0	0	0	0	0	0	0	1	0	0	0	0	0	0	1	4	0	1	0	0	0	0	0	2	1	0	0	0	0	0	2	0	0	3	0	0	1
AL121601.1	-2.17473807233483	4.0758637582621	5.50703733403587	0.0189401033816729	1	0	0	0	0	0	0	0	0	0	0	0	0	0	0	4	0	0	0	0	0	0	0	0	0	0	0	0	0	0	0	0	0	0	0	0	0	0	0	0	0
LINC00853	1.8034534934056	4.42935579434845	5.50237243809902	0.0189906920993623	1	0	0	0	0	0	0	0	1	0	0	0	0	0	0	0	2	0	7	4	0	2	0	0	0	0	0	1	0	0	0	2	3	0	0	0	1	0	0	1	0
CALML3-AS1	-1.0635074282126	5.45118646047582	5.4994969125519	0.0190219454309485	1	0	0	0	0	0	0	0	0	0	0	0	0	0	0	0	0	0	0	2	3	0	2	0	0	1	0	1	0	0	2	0	0	0	1	0	3	3	1	1	0
AC099518.1	2.19158158710046	4.08518074642437	5.49015439267053	0.0191238541835809	1	0	0	0	0	0	1	0	0	0	1	2	0	0	2	0	0	0	4	0	1	2	0	2	1	3	0	1	0	0	6	1	1	0	0	0	6	0	0	0	2
AC245100.7	2.05298878582171	3.96461256268306	5.48977263909293	0.0191280303521742	1	0	2	0	0	0	5	4	0	0	0	0	0	0	0	0	1	0	0	0	0	0	0	0	0	0	0	0	0	0	0	0	0	0	0	0	1	0	0	0	1
AC008906.2	1.96001730529313	4.31756924353503	5.47629938931662	0.0192760253163405	1	0	0	0	0	0	0	0	4	0	0	0	0	0	0	0	0	0	0	0	0	0	0	0	0	0	0	0	0	0	0	0	0	0	0	0	0	0	0	0	0
AC243829.2	2.1284015420221	3.97179019658937	5.47601139478013	0.019279201637438	1	1	8	5	2	3	0	1	0	12	2	3	0	1	0	0	0	0	0	0	0	0	1	1	0	3	2	1	2	1	0	0	2	0	0	2	0	0	0	0	2
AC005520.5	-1.52157573344595	4.56316504721124	5.45618364190352	0.0194991898892353	1	0	0	0	0	0	0	0	0	0	0	0	0	0	0	0	0	0	0	0	0	0	4	0	0	0	0	0	0	0	0	0	0	0	0	0	0	1	0	0	2
SERTAD4-AS1	2.09012760015973	3.97246653477216	5.45006236263583	0.0195676281945149	1	0	0	0	0	0	5	0	0	0	0	0	0	0	0	0	0	0	0	0	0	0	0	0	0	0	0	0	0	0	0	0	0	0	0	0	0	0	0	0	0
AL139354.1	-1.91399868401224	3.91383387283642	5.44949379923263	0.0195739975470466	1	54	37	20	19	21	14	77	28	30	18	32	24	8	25	43	85	1	84	35	13	18	16	42	33	28	14	6	4	37	87	45	23	132	54	113	1924	42	15	38	62
AC011824.1	-2.23823726736669	4.08730335185856	5.44692093388781	0.0196028469715898	1	0	0	0	0	1	0	3	0	3	0	2	1	0	0	1	1	0	0	0	6	0	1	0	1	0	0	0	0	0	3	6	35	2	1	0	3	3	2	2	1
LINC00698	2.18822695012236	3.97770607090256	5.44485258622807	0.0196260711332426	1	1	0	0	0	0	0	0	0	0	0	0	0	0	0	0	0	0	0	0	0	0	0	1	0	0	0	0	0	0	0	3	0	0	0	0	14	0	3	0	0
LINC00551	1.99001748086329	6.09235025016465	5.43643659951598	0.0197208626422343	1	0	0	0	0	0	0	4	0	0	0	0	0	0	0	0	0	0	0	0	0	0	0	0	0	0	0	0	0	0	0	0	0	0	0	0	0	0	0	0	0
CERS3-AS1	-1.67744805078541	4.46767801506661	5.42333767955208	0.0198693420692825	1	4	1	0	0	1	2	0	0	2	1	0	2	0	0	0	0	0	0	0	0	0	0	0	0	0	0	0	0	0	0	0	0	0	0	0	0	0	0	2	0
AL118508.1	2.26745981274165	4.09006679173493	5.40645484845518	0.0200624198884583	1	0	0	0	0	0	0	0	0	0	0	0	0	0	0	0	0	7	0	0	0	0	0	0	0	0	0	0	0	0	0	0	0	0	0	0	0	0	0	0	0
AC061975.4	-1.79301486203088	3.9052044113646	5.38627757115582	0.020295721963658	1	0	0	0	0	0	0	0	0	1	0	1	0	0	0	0	0	0	0	0	3	0	0	0	4	0	1	5	0	2	0	0	0	2	0	0	0	0	0	0	0
AC129492.1	2.10553771653538	4.22464036163395	5.3494072466466	0.0207293167583375	1	0	0	0	0	0	0	0	0	0	0	0	0	0	0	0	0	0	0	0	0	0	0	1	2	0	0	1	0	0	0	0	0	0	0	0	0	0	2	0	0
AC138956.2	2.07819521980336	4.17756686640195	5.33963818519125	0.0208457992683773	1	0	0	0	0	0	0	0	0	0	0	0	0	0	0	0	0	0	0	0	0	0	0	0	0	0	2	2	3	0	0	0	0	0	0	0	0	0	0	0	0
AC073052.2	1.01484845811085	5.6944111194682	5.33781391229329	0.0208676261375093	1	0	0	0	0	0	3	0	0	0	0	0	1	0	0	0	0	0	0	0	0	0	0	0	0	0	0	0	0	0	0	0	0	0	0	0	0	0	0	0	0
LINC01620	1.77882072440552	4.38277814075206	5.3366365292868	0.0208817257229138	1	0	0	0	0	0	0	0	0	4	0	0	0	0	0	0	0	0	0	0	0	0	0	0	0	0	0	0	0	0	0	0	0	0	0	0	0	0	0	0	0
LUNAR1	2.04903260512273	3.95983958759583	5.31360874396808	0.0211594829042218	1	0	0	0	3	2	2	0	0	0	1	0	0	0	0	0	0	0	0	0	0	0	0	0	0	0	0	0	0	0	0	0	0	0	0	0	0	0	0	0	0
AP001412.1	1.53057358803814	4.59277032728443	5.28055461345386	0.0215648776674519	1	0	0	0	0	0	0	0	0	0	0	0	0	0	0	0	0	0	0	0	0	0	1	1	1	0	0	0	0	0	0	0	2	0	0	0	0	1	0	0	0
AC034206.1	2.20393507453839	4.09749309966028	5.26012293124513	0.0218194775568302	1	0	0	0	0	0	0	0	0	3	0	0	0	0	0	0	0	0	0	0	0	0	0	0	0	0	2	3	6	0	0	0	0	13	0	0	0	0	0	1	0
AL596223.2	-1.99697477200341	4.17062247540759	5.25421622526535	0.0218936597710227	1	0	0	0	0	0	0	0	0	0	0	0	0	0	0	0	0	0	1	0	0	0	0	0	0	7	0	0	0	0	0	0	0	0	0	0	0	0	0	0	0
AC021766.1	-1.75796921081516	4.34569470947455	5.24861664444493	0.0219642260106351	1	0	0	0	0	0	0	0	2	1	0	0	0	0	0	0	2	0	0	0	0	0	0	0	0	0	0	0	0	0	0	0	0	0	0	0	0	0	0	0	0
LINC01219	-1.75032990681342	3.89852772823049	5.22754330774471	0.0222319120305874	1	0	0	0	0	0	2	0	0	0	2	0	0	0	0	0	0	0	0	0	0	0	0	0	0	0	0	0	0	0	0	0	0	0	0	0	0	0	0	0	0
AL450468.2	-1.80348164153174	3.90090719293645	5.22741047819331	0.0222336099869571	1	0	0	0	0	0	0	0	0	0	0	0	0	0	0	0	0	0	0	0	0	0	0	0	0	0	0	0	0	1	0	0	0	0	0	0	9	0	0	0	0
AL359094.1	1.61028918931716	4.58972793739886	5.22425166157597	0.022274028661302	1	0	0	0	0	0	0	0	0	0	0	0	0	0	0	0	0	0	0	0	0	0	0	0	2	0	0	1	7	0	0	0	0	0	0	0	3	0	1	0	0
AL121992.2	-1.78679192529869	3.90077407284737	5.22230124819831	0.0222990232032006	1	0	2	0	2	0	5	2	1	0	0	0	0	2	4	0	2	0	0	0	0	0	2	0	0	0	0	0	0	0	0	0	0	0	0	0	0	0	0	0	0
AL035416.1	-1.7646212537596	3.89837322471818	5.2220315658189	0.0223024814681038	1	0	0	0	0	0	0	0	0	0	0	0	0	0	0	0	0	0	0	0	0	0	0	0	0	0	5	1	0	0	0	0	0	0	0	0	0	0	0	0	0
AP001180.2	-1.88368300564499	3.90676877113349	5.22060215144699	0.022320820805872	1	0	0	0	0	0	0	0	0	0	0	0	0	0	0	0	0	0	0	0	0	0	0	0	0	0	6	0	0	0	0	0	0	0	0	0	0	0	0	0	0
AL358075.2	2.14544947618887	3.98273097557671	5.21891821321202	0.0223424457227046	1	3	1	3	0	0	1	1	6	4	2	2	1	28	1	0	0	0	0	0	5	1	0	2	0	0	3	2	0	0	0	0	0	0	0	1	3	1	2	1	0
AP000654.1	2.39596574406479	3.96584592105121	5.21700356017282	0.0223670598224638	1	1	0	1	0	0	1	0	0	5	0	2	2	0	1	2	1	0	4	1	8	0	2	1	3	0	3	5	0	2	0	6	10	0	1	1	9	6	2	9	7
LINC01513	1.99956971314185	3.95492231154521	5.19045626296855	0.0227112529368149	1	1	0	0	0	0	0	0	0	0	0	0	0	0	0	0	1	0	1	0	3	0	0	0	0	2	6	1	1	1	0	0	0	0	0	0	1	0	1	3	1
AC130686.1	2.11413203115633	3.96540501912741	5.18522510389146	0.022779721241065	1	0	0	0	0	0	0	0	0	0	0	0	0	0	0	0	0	0	0	0	0	0	0	0	0	0	0	1	0	0	0	0	1	0	2	0	1	0	0	2	0
AC022395.1	2.21115271342544	4.10310756986111	5.17643915965694	0.0228951983407791	1	0	0	0	0	0	0	0	3	0	0	1	2	0	0	0	0	0	0	0	4	0	0	4	0	0	0	0	0	0	0	0	11	0	0	2	5	0	0	1	1
AC103591.3	-1.70027033890555	4.35289338122317	5.16671730473233	0.0230236839087956	1	2	2	0	0	1	8	0	2	1	0	0	4	0	0	0	0	3	0	0	0	0	0	0	0	0	1	0	0	1	0	0	0	0	0	1	0	0	0	0	2
AL024498.1	1.99201362697435	3.95856294158762	5.15762127583951	0.0231445753397744	1	3	11	4	4	3	3	4	12	1	2	1	10	6	5	3	2	2	25	25	13	0	8	7	5	4	5	3	2	0	12	21	15	6	13	12	7	14	9	16	0
AC010201.1	-1.69315912700668	3.89466123992205	5.15450275719438	0.0231861735618953	1	0	0	0	0	0	0	1	0	0	0	0	0	0	0	0	0	0	0	5	5	0	2	0	0	0	0	0	0	0	0	0	0	0	2	0	1	0	0	0	0
AC011352.1	-1.75830801213493	3.89881744320006	5.14716555737709	0.0232843511974612	1	0	0	0	0	0	0	0	0	0	0	0	0	0	0	0	0	0	0	0	0	0	1	1	0	0	0	5	0	0	0	0	0	0	0	0	0	0	0	0	0
AL121988.1	2.07467974825176	4.16865252144416	5.14382633670586	0.0233291752783657	1	0	0	1	0	1	0	0	0	0	0	0	0	0	0	0	0	0	0	1	1	0	0	0	1	0	0	0	3	2	2	0	4	0	0	0	5	0	1	0	0
AC131025.1	-1.7201002158925	3.89630022318589	5.14239286768812	0.0233484449112515	1	0	2	1	0	1	0	2	0	0	0	0	0	0	0	1	0	0	0	0	85	0	0	4	0	0	0	2	0	0	0	3	4	0	1	0	0	1	0	0	0
BRWD1-IT1	-1.68628891170639	3.8942696780628	5.13907850194891	0.0233930620138027	1	0	0	0	0	0	0	0	0	2	0	2	0	0	0	0	0	0	0	0	0	0	0	0	0	0	0	0	0	0	0	0	0	0	0	0	0	0	0	0	0
AL139130.1	-1.71381757520827	3.89616077072192	5.13708434832668	0.0234199493642705	1	0	0	0	0	0	0	0	0	0	0	0	0	0	0	0	0	0	0	0	0	0	0	5	0	0	0	1	0	0	0	0	0	3	0	0	0	0	0	0	0
AL035420.3	-1.83211655296224	3.90363867253724	5.13048253859857	0.0235091910330162	1	0	0	0	0	0	0	0	0	0	0	0	1	0	0	2	0	0	0	0	0	5	0	0	0	0	0	0	4	0	2	0	1	0	0	0	1	5	0	0	0
LINC01117	1.97423372882855	3.95256354930008	5.12931430060626	0.0235250196776904	1	0	0	0	0	0	0	0	0	0	0	0	0	0	0	0	0	0	0	2	0	0	0	0	0	0	0	0	1	0	0	0	0	0	0	0	3	0	0	0	0
AL354714.1	1.9536209797948	3.95420367060546	5.1276964925154	0.0235469578721219	1	0	0	0	0	0	0	0	0	0	0	0	0	0	0	0	0	0	0	1	0	0	0	0	1	0	0	1	3	0	0	0	0	0	3	0	0	0	0	0	0
AC008060.4	2.00796395818094	3.95593081924554	5.11222703483974	0.0237578050799523	1	0	0	0	0	0	0	0	0	0	0	0	0	0	0	0	0	0	0	0	1	0	0	0	0	0	0	0	0	0	0	0	0	0	0	0	7	2	0	1	0
AC009495.2	-1.48754660667837	4.5443796121903	5.10644484948633	0.0238371176221711	1	2	0	0	3	7	14	1	9	0	3	1	10	8	8	1	0	0	16	20	2	1	2	11	14	4	1	1	27	4	0	30	10	2	5	7	1	2	7	7	0
TYMSOS	-1.46711182663371	5.46596972938728	5.10179035858385	0.0239011614096768	1	0	0	0	0	0	3	0	2	0	0	0	0	0	0	5	0	2	0	0	0	0	0	0	0	0	0	0	1	0	0	0	0	0	0	0	0	0	0	0	0
AL591468.1	-1.73139409960587	3.89733054348048	5.08926005945142	0.0240744615276228	1	3	0	0	0	0	0	0	0	0	1	0	0	0	0	0	0	0	2	0	1	0	0	0	0	0	4	0	0	1	0	0	2	0	1	3	0	0	4	5	4
AL355340.1	-1.7309953429365	3.8972745828174	5.08708808724847	0.024104633271957	1	0	1	0	0	11	1	0	2	1	1	0	4	1	1	3	0	0	13	6	0	4	3	2	4	12	0	0	0	0	2	3	0	2	1	6	28	5	9	2	4
AC131888.1	2.00122943793691	3.96306901152739	5.08612445620036	0.0241180320217656	1	0	0	0	0	0	0	0	0	0	0	0	0	0	0	0	0	0	0	0	0	0	3	0	0	0	3	0	0	0	0	0	0	3	0	0	0	0	0	0	0
AC055855.1	1.89939166193348	4.27633140358899	5.06159486535471	0.024461717063391	1	0	0	0	0	0	0	0	0	0	0	0	0	0	0	0	0	0	0	0	4	0	0	0	0	0	0	0	0	0	0	0	2	0	0	0	0	0	0	0	0
AC008742.1	1.5694188966078	4.56326590111606	5.05241145785352	0.0245916902007706	1	0	0	0	0	0	0	0	0	0	0	0	0	0	0	0	0	0	0	0	0	1	2	0	0	0	0	0	0	0	0	1	0	0	0	0	3	0	0	0	0
LINC02228	-1.7074402069714	3.89579860784181	5.03842640319668	0.0247909997731057	1	1	3	0	3	9	4	4	15	7	5	5	2	1	2	1	2	0	0	1	1	0	3	0	0	0	2	8	2	0	0	3	1	4	2	3	1	1	1	0	3
AC069431.1	1.6348820911429	4.47864576665768	5.03725963300189	0.0248077037305414	1	0	1	0	1	0	0	1	1	0	0	0	0	4	1	0	1	0	4	0	1	0	0	2	2	1	5	0	0	2	6	2	0	1	1	0	8	1	3	1	0
AC027228.2	1.94823310458927	3.95390505339106	5.03305925970539	0.0248679347869187	1	0	1	1	0	0	0	1	3	2	0	0	0	0	0	0	0	0	7	2	0	0	0	3	7	3	5	0	0	0	0	4	0	6	1	0	20	3	0	0	0
TDRG1	2.07567243231437	3.97140453483801	5.02416301989627	0.0249960037899394	1	0	0	1	0	0	1	0	0	0	0	0	0	3	0	0	0	0	0	0	0	0	0	0	0	0	0	0	0	0	0	0	0	0	0	0	0	0	0	0	0
RNF157-AS1	2.05433760345632	4.1429073491707	5.01846172461084	0.0250784386825533	1	0	0	0	0	0	0	0	0	0	0	0	0	0	0	0	0	5	0	0	0	0	0	0	0	0	0	0	0	0	0	0	0	0	0	0	0	0	0	0	0
AL353746.1	-1.70156011442378	3.89540150867542	5.01436630657126	0.0251378284015892	1	0	0	0	0	0	0	0	0	0	0	0	0	1	0	0	0	0	0	0	0	0	0	0	0	0	0	0	3	0	4	0	0	0	1	1	6	0	0	2	2
TAB3-AS1	1.93649674824358	3.95278304819232	5.00549064716964	0.0252670405436231	1	0	0	0	0	0	0	0	4	0	0	0	0	0	0	0	0	0	0	0	0	0	0	0	0	0	0	0	0	0	0	0	0	0	0	0	0	0	0	0	0
AL359513.1	-1.61849706910546	4.41067405413678	4.99928388371556	0.0253578084413899	1	0	0	0	0	3	0	0	2	0	1	0	3	1	0	0	1	0	11	2	0	1	6	1	0	1	0	0	0	2	0	3	5	0	0	0	2	3	4	3	0
HOXB-AS2	-1.76149664336521	3.89926551643262	4.99084524439347	0.0254817588432628	1	0	0	0	0	2	3	0	3	1	1	3	0	1	0	0	3	0	1	5	2	0	1	0	0	0	0	4	0	0	1	1	1	4	5	1	26	0	5	3	2
AP005482.1	1.88876357184575	4.28855488881113	4.9835190004836	0.0255898801676081	1	1	3	0	0	0	1	0	6	1	1	1	2	0	0	0	2	0	4	9	6	0	3	0	0	0	2	4	4	5	0	1	2	2	2	0	21	3	1	6	0
C9orf41-AS1	-1.89101400270561	4.19281265540984	4.97807711618722	0.0256705003080514	1	0	0	0	0	0	0	0	0	1	0	0	0	0	0	0	0	0	5	0	2	0	1	1	0	0	1	0	3	0	0	0	3	0	0	0	0	0	0	0	0
LINC02355	-1.68769240577424	3.89440869187975	4.97587414614642	0.0257032117287527	1	0	2	0	4	1	0	0	0	2	0	0	0	0	1	0	1	3	0	0	0	0	1	0	0	0	0	0	0	0	0	0	0	0	0	0	0	0	1	0	0
AC004678.2	1.92296406165803	3.9417772057391	4.96361650622114	0.0258860151874338	1	2	5	5	1	0	0	8	1	3	1	2	0	4	0	9	1	3	2	0	0	0	1	1	0	0	3	0	0	2	0	2	2	2	1	3	0	0	2	0	2
THRIL	1.08626671553566	5.3091420521702	4.94410855488871	0.0261797360537517	1	3	0	0	4	4	0	0	7	1	2	0	3	0	7	1	0	1	6	6	1	4	9	1	1	5	2	3	5	0	7	2	20	6	13	3	9	1	2	1	0
AP000648.3	1.24207481807362	4.99884671976315	4.92185960904796	0.0265189581925012	1	0	0	0	0	0	1	0	0	0	0	0	0	0	0	0	1	0	0	1	0	0	4	4	0	0	0	2	1	0	0	0	1	0	4	1	0	0	0	2	0
AC018904.1	2.16279529257611	4.15393730271847	4.9181849557783	0.0265754224636989	1	0	0	0	0	0	0	0	0	0	0	0	0	1	0	0	0	4	0	0	0	0	0	0	0	0	0	0	0	0	0	0	0	0	0	0	0	0	0	0	0
AL121906.2	-1.32341532816009	4.71362843067533	4.90023195917943	0.0268530882945453	1	5	0	0	0	0	0	0	0	1	0	0	0	0	0	0	0	0	0	0	0	0	0	0	0	0	0	0	0	0	0	0	0	0	0	0	0	0	0	0	0
AC008083.2	-1.59486875698357	3.88822343624326	4.89690998826706	0.0269047965747806	1	1	3	1	0	0	3	0	0	0	3	2	0	0	2	2	3	0	0	2	12	3	7	0	4	1	4	6	12	0	0	1	2	5	1	4	1	1	2	0	9
AC004948.1	1.84182402584598	3.93996247872901	4.89304901010272	0.0269650248995184	1	0	0	0	0	0	0	0	2	2	0	0	0	0	0	0	0	0	0	0	0	0	1	1	0	0	0	0	0	7	1	0	0	3	0	1	0	3	1	4	1
AC104073.4	-1.65303092719509	3.89552715622203	4.88819559305797	0.0270409334396252	1	0	0	2	1	0	8	1	1	2	1	0	6	7	0	0	1	0	0	0	1	0	13	2	7	4	3	0	26	1	1	3	2	4	2	0	0	4	5	0	3
LCMT1-AS2	2.34799410640205	4.08137198055002	4.88734380440451	0.0270542785094245	1	0	0	0	0	0	0	0	0	0	0	0	0	0	0	0	0	0	0	0	0	0	0	0	0	0	0	0	0	0	0	0	0	0	0	1	0	0	4	1	0
AL139393.2	1.04440595216783	5.38349144009976	4.88501023955484	0.027090873827006	1	0	0	0	0	0	0	0	0	0	0	0	0	0	0	0	0	0	0	0	0	0	0	0	3	0	0	0	0	0	0	0	8	0	1	0	0	0	0	0	0
AC010894.4	1.83557902426068	3.93941453536031	4.87889269289297	0.0271870546737846	1	0	0	0	0	0	0	0	0	0	0	0	0	0	0	0	0	0	0	0	0	0	0	0	0	0	0	0	0	0	0	0	0	0	2	0	2	2	0	0	0
LINC01841	1.87023434579795	3.93893619692552	4.87691249978162	0.0272182635396084	1	0	0	0	0	0	0	2	0	0	2	0	0	1	0	0	0	0	0	0	0	0	0	0	0	0	0	0	0	0	0	0	0	0	0	0	0	0	0	0	0
AC105415.1	2.13841306048422	4.07886008984451	4.87073649742602	0.0273158400534617	1	0	0	1	0	1	0	0	0	0	1	0	2	0	0	1	0	0	5	2	0	0	1	2	0	2	1	0	0	0	0	1	2	6	15	3	5	0	0	3	0
AC012073.1	1.03124466824174	5.40638392374076	4.85904988762851	0.0275014771513953	1	0	1	0	1	0	0	0	0	2	0	0	0	1	7	0	0	3	0	0	1	0	0	0	0	0	0	0	0	0	1	0	0	0	0	0	0	0	0	0	1
AC007728.2	1.12416312793687	5.21260851276431	4.85795765550442	0.0275188937385939	1	0	0	0	0	0	0	0	0	0	6	0	0	0	0	0	0	0	0	0	0	0	0	0	0	0	0	0	0	0	0	0	0	0	0	0	0	0	0	0	0
VAV3-AS1	1.89612388484186	3.94116426597814	4.85640416177101	0.027543685307733	1	0	1	2	2	4	3	1	2	7	2	2	0	7	2	1	0	6	7	13	6	1	2	4	2	4	6	4	0	1	2	4	5	1	4	10	8	9	1	20	1
AC008753.3	1.88863575630596	3.94055978534642	4.84645419486715	0.0277030246730356	1	0	1	0	0	2	0	2	0	0	1	0	0	0	1	0	0	0	0	2	0	1	2	2	1	0	2	0	9	2	3	0	0	2	3	0	5	0	0	0	1
LINC02450	1.85171077451832	3.94106706529426	4.84626476121885	0.0277060675597765	1	0	0	0	0	0	0	0	0	0	0	0	0	0	0	0	0	0	0	0	1	0	0	0	0	0	0	1	0	0	0	0	3	0	2	0	3	0	0	3	0
LINC02251	1.90518299382496	3.94985103825494	4.84296732576437	0.0277590902496501	1	0	0	0	1	2	0	0	1	1	7	5	0	16	0	0	0	0	0	0	0	0	0	0	0	0	0	3	3	0	0	1	0	0	0	2	2	0	0	0	1
LINC01783	-1.63169223953268	3.89087137460164	4.83640185828552	0.0278649774181397	1	1	0	3	5	6	7	6	7	3	2	7	0	4	8	0	23	8	10	3	3	0	0	3	0	0	0	0	0	0	1	2	1	2	4	5	1	0	10	1	6
SLC9A9-AS2	-1.6255197041409	3.89051132987264	4.82863594653775	0.0279907679664797	1	0	0	0	0	0	0	0	0	0	0	0	0	0	0	0	0	0	0	2	0	0	0	0	0	0	2	0	0	0	0	0	0	0	0	0	0	5	0	0	1
AL355102.3	1.91547421359568	3.94284705509182	4.82784965926291	0.0280035369745987	1	0	0	0	0	0	0	0	0	0	0	0	0	0	0	0	0	0	0	0	0	0	1	0	0	0	0	0	2	0	0	0	0	0	0	0	4	0	0	0	0
NAV2-AS5	-2.12325689061853	4.01298284682798	4.82437416751903	0.0280600502957518	1	1	2	0	1	0	1	0	2	1	4	0	0	0	0	0	0	0	0	1	1	1	4	6	1	5	0	3	2	1	0	3	1	2	2	2	0	0	0	1	6
AL031673.1	-1.155761570156	4.95371028741428	4.82176230076589	0.0281025987187004	1	0	0	0	0	0	0	0	0	0	0	0	0	0	0	0	0	0	0	0	0	0	0	0	0	0	4	0	0	0	0	0	1	0	6	0	0	0	0	0	0
AL022069.2	1.84689214490733	4.28237569292906	4.80986552420499	0.0282972533796589	1	0	0	0	0	0	0	0	0	0	0	0	0	0	0	0	0	0	0	1	0	2	0	0	0	0	0	0	0	0	0	1	1	0	0	0	0	0	0	0	0
AC024651.1	2.15066120221547	4.07868809317428	4.79627770186692	0.0285212946040506	1	0	0	0	0	0	0	0	0	0	4	0	1	0	0	0	0	0	0	0	0	0	0	0	0	0	0	0	0	0	0	0	0	0	0	0	0	0	0	0	0
AF064858.3	1.07283132609449	5.83814640952867	4.79488348929967	0.0285443871268093	1	1	0	2	0	0	0	2	0	0	0	0	0	2	0	0	1	0	0	0	0	0	0	0	0	0	0	1	0	0	0	0	0	0	0	0	0	0	0	0	0
AC011591.1	1.62605740435338	5.68535228030607	4.77771239621664	0.0288303955454787	1	0	0	0	0	0	0	0	0	0	0	0	0	0	0	0	0	0	0	3	0	0	0	0	0	4	0	0	0	0	0	1	1	2	1	0	2	1	0	1	0
AC093010.2	-1.92694126533643	4.15659401577077	4.77611850612333	0.0288570948941669	1	0	0	0	0	0	0	0	0	0	0	0	0	0	0	0	0	0	0	0	1	0	0	0	0	1	0	0	0	0	0	0	0	0	0	1	6	0	0	0	0
AL139352.1	-2.01853553607621	4.09923536295651	4.77457850458869	0.0288829160065316	1	0	0	0	0	0	0	0	0	0	0	0	0	0	0	0	0	0	0	0	0	0	2	0	0	0	3	1	0	0	0	0	1	0	0	0	0	0	0	0	0
AC009955.3	1.82554359576162	3.9385717285862	4.7712476643101	0.0289388463235435	1	0	0	0	0	0	0	0	0	0	0	0	0	0	0	0	0	0	0	0	0	0	0	0	3	3	0	0	0	0	0	0	0	0	0	1	0	0	0	0	0
AL157996.1	-1.57534368614922	4.42957955366389	4.76499690236619	0.0290441115692954	1	4	0	0	0	0	0	0	0	0	0	0	0	1	0	0	0	0	0	0	0	0	0	0	0	0	0	0	0	0	0	0	0	0	0	0	0	0	0	0	0
AC080038.2	1.78904292504276	3.93168139946788	4.76052163848873	0.0291197216155956	1	0	0	0	3	0	0	0	0	1	0	1	1	0	0	0	0	0	7	3	9	0	0	0	3	0	1	2	1	1	0	1	0	2	1	0	7	0	0	2	0
AC114912.1	-1.6448518921537	3.89189265958843	4.74455898947887	0.0293910860326175	1	0	0	6	5	0	2	0	3	0	2	1	4	0	5	1	1	0	0	0	3	0	0	2	0	0	2	0	0	0	0	0	0	0	2	0	1	0	0	1	0
HCG17	-1.6624711069705	3.88813091193261	4.73559790407544	0.0295445772483886	1	0	0	0	0	0	1	0	0	0	0	0	0	3	0	0	0	0	0	0	0	0	0	0	0	0	0	0	0	0	0	0	0	0	0	0	0	0	0	0	0
GDNF-AS1	-1.00457105597643	5.39643303429014	4.72841422522789	0.0296682268240895	1	1	0	0	0	0	0	0	0	0	0	1	0	0	2	0	0	0	0	2	3	0	1	1	0	2	0	0	0	1	1	2	0	0	3	1	1	0	0	4	3
LINC01443	1.87858054381203	3.94385281078184	4.71859731107698	0.0298380735845779	1	0	0	0	0	0	0	0	0	0	0	0	0	0	0	0	0	0	0	1	0	0	0	0	0	0	4	0	0	0	0	1	0	0	0	0	0	0	0	0	0
AL157871.6	1.62994691433384	4.42351951228449	4.71382136311512	0.0299210704003373	1	0	0	0	0	0	0	0	0	1	3	0	0	0	0	1	2	0	2	6	0	0	1	0	3	0	0	0	0	0	2	0	0	9	4	1	0	4	0	2	0
AL031663.3	1.84924274743405	3.93478139341033	4.70481497579992	0.0300782393656497	1	0	0	0	0	0	0	0	0	0	0	0	0	0	0	0	0	0	0	0	0	0	0	0	0	0	0	0	0	0	0	0	0	11	0	0	0	0	0	0	0
AC023855.1	2.12916091095007	3.93976167958206	4.68801563492556	0.030373705308696	1	0	0	0	4	1	0	0	0	2	0	2	0	0	0	0	1	0	0	0	0	1	2	0	1	2	1	0	0	2	0	0	0	8	0	1	31	1	1	0	0
LINC01257	1.86346702693986	3.9424927967053	4.67340517724452	0.0306331328982818	1	4	0	1	0	0	5	3	1	14	0	1	0	0	2	2	0	0	0	0	0	0	0	0	0	0	3	4	0	0	0	0	1	0	0	2	0	0	0	0	1
AL050320.1	1.48655123867177	4.57614903552267	4.67170112195418	0.0306635406715689	1	0	0	0	0	0	0	0	0	0	0	0	0	0	0	0	0	0	0	0	3	0	0	0	0	0	0	0	0	0	0	0	0	0	0	0	0	0	0	4	0
AC141930.1	1.7805723092244	3.9309065269418	4.66858234660521	0.0307192747474494	1	0	0	0	0	0	0	0	0	0	0	0	0	0	0	0	0	0	0	0	2	0	0	0	2	0	0	0	0	0	0	4	0	0	0	0	4	0	3	0	0
AC026461.3	1.62784767023898	4.42324164856436	4.65896642224771	0.0308917819582043	1	6	0	0	0	0	0	0	0	0	0	0	0	0	0	0	0	0	0	0	0	0	0	0	0	0	0	0	0	0	0	0	0	0	0	0	0	0	0	0	0
AL591212.1	2.60139329626785	3.97639916851035	4.64391131648427	0.0311638983535104	1	1	0	0	3	0	0	0	0	0	0	0	0	0	0	0	0	0	0	0	0	0	0	0	0	0	0	0	0	0	0	0	0	0	0	0	0	0	0	0	0
AC023347.1	1.83194156078475	3.93566757950276	4.64195501069638	0.0311994410596147	1	0	0	0	0	0	0	0	0	0	0	0	0	0	0	0	0	0	0	0	1	0	0	0	1	0	0	0	0	0	0	0	0	5	0	0	0	0	0	0	0
EIF1AX-AS1	-1.59605406901644	3.88877095490558	4.63756805139749	0.0312792983486173	1	0	0	0	0	0	0	0	0	0	0	1	0	0	0	0	0	0	0	0	0	0	2	0	0	0	0	0	0	1	0	0	4	0	1	0	1	5	2	0	2
LINC02118	-1.59605406901644	3.88877095490558	4.63756805139749	0.0312792983486173	1	0	0	0	0	0	0	0	0	0	0	0	0	0	0	0	0	0	0	0	0	0	0	0	0	3	0	0	0	0	0	0	0	0	0	0	2	0	0	0	1
IL21-AS1	1.8439435442388	3.94011072333054	4.63450892069591	0.0313351108751231	1	0	0	1	0	0	0	0	4	0	0	0	0	0	0	0	0	0	0	0	0	0	0	0	0	0	0	0	0	0	0	0	0	0	0	0	0	0	0	0	0
LINC01031	1.83197193533312	3.93556991627068	4.63376827859251	0.0313486391851099	1	0	0	2	0	0	0	0	0	0	0	0	0	1	0	0	0	0	0	0	0	0	0	0	0	0	0	0	0	0	0	0	0	0	0	0	0	0	0	0	0
AC006378.2	1.46827152778024	4.62498867048579	4.63163704713217	0.0313876015134229	1	0	3	0	0	0	0	0	0	1	0	0	0	0	0	0	0	0	0	0	0	0	0	0	0	0	0	0	0	0	0	0	0	0	0	0	0	0	0	0	0
LINC02207	1.27879223636474	6.56446580945011	4.62803824925589	0.031453508015275	1	0	0	0	0	0	0	0	0	0	0	0	0	0	0	0	0	0	0	0	0	6	0	0	0	0	0	0	0	0	0	0	0	0	0	0	0	0	0	0	0
AL354977.2	1.79397168863742	3.93220609661464	4.6253129164535	0.0315035143818695	1	0	0	0	0	0	1	4	0	0	0	0	0	0	0	0	0	0	0	0	0	0	0	0	0	0	0	0	0	0	0	0	0	0	0	0	0	0	0	0	0
AC012409.2	1.79414396741341	3.93214928633461	4.62417574769155	0.0315244044886505	1	0	0	0	0	0	0	0	5	7	0	0	4	2	3	0	0	0	0	2	0	0	0	0	0	0	0	0	0	0	1	1	0	0	0	0	0	0	0	0	0
AC074351.1	1.8214703344564	3.93469023375733	4.61675878698316	0.0316610111155173	1	0	0	0	0	0	0	0	0	0	0	0	1	0	0	0	0	0	0	0	1	0	1	1	5	4	0	0	0	3	1	0	0	0	0	0	9	0	0	3	0
OSBPL10-AS1	-1.5948712795122	3.88494117360898	4.60321602221502	0.0319120394776657	1	0	0	0	0	0	0	0	0	0	0	0	0	0	0	0	0	0	3	3	0	0	0	1	1	0	0	0	0	0	0	2	0	0	0	0	0	2	0	0	0
AC048383.1	-1.59281823098877	3.88482357373701	4.59829595067205	0.0320037513558794	1	0	1	0	0	2	2	0	1	1	1	0	0	0	1	0	0	0	0	0	0	0	0	0	0	0	0	0	0	0	0	0	0	0	0	0	0	0	0	0	0
AC124312.2	1.80301070325335	3.93311321765635	4.57529886975995	0.0324360873301008	1	0	0	0	0	0	0	0	0	4	0	0	0	0	0	0	0	0	0	0	0	0	0	0	0	0	0	0	0	0	0	0	0	0	0	0	0	0	0	0	0
AL390838.1	-1.58156573789603	3.884170988311	4.57098294802658	0.0325179020667898	1	0	0	0	0	0	0	0	3	0	0	0	0	1	0	0	0	0	0	0	0	0	0	0	0	0	0	0	0	0	0	0	0	0	0	0	0	0	0	0	0
LINC02585	1.80115968462189	3.93295000544778	4.56646371893097	0.032603801732454	1	0	2	2	3	2	0	0	0	0	0	8	1	4	0	1	0	0	1	2	16	0	3	1	2	1	11	3	2	1	5	0	0	8	3	1	22	0	2	0	0
AC087286.2	1.79891733506867	3.93267063601142	4.55970758536582	0.0327326616500589	1	0	0	0	0	0	0	0	0	0	0	0	0	0	0	0	0	0	0	0	0	5	0	0	0	0	0	1	0	0	0	0	0	0	0	0	0	0	0	0	0
FOXP4-AS1	-1.49273651702854	4.47753121038522	4.55174697274404	0.0328851773466144	1	0	0	0	0	0	0	0	0	0	0	0	0	0	0	0	0	0	0	0	5	0	0	1	0	0	1	3	0	2	0	0	0	0	0	0	0	0	0	1	0
AC002480.2	1.83275489254667	3.93573177988609	4.54797680107609	0.0329576680361653	1	0	0	0	0	19	0	0	0	0	0	0	0	0	0	0	0	0	0	0	0	0	0	0	0	0	0	0	0	0	0	0	0	0	0	0	0	0	0	0	0
AC019171.1	1.66759615576543	4.36763669822998	4.54595307390669	0.0329966479041535	1	7	1	2	5	5	6	3	1	3	8	8	16	5	14	8	6	0	17	2	7	0	5	7	2	12	13	5	1	3	3	9	5	17	6	5	146	4	8	9	12
AC233266.2	1.79155358587891	3.93201757348813	4.53405469863481	0.0332268033809511	1	1	0	1	0	2	4	0	7	1	9	1	1	1	2	2	1	5	5	5	5	6	8	3	5	1	2	1	1	8	14	2	1	0	2	6	59	2	2	3	8
FARSA-AS1	1.98437297686557	4.14320652437302	4.53128287557658	0.0332806603750129	1	0	0	0	0	0	0	0	0	0	0	0	0	0	0	0	5	0	0	0	0	0	0	0	0	0	0	0	0	0	0	0	0	0	0	0	0	0	0	0	0
AC234582.2	1.93505745886905	4.16956645229482	4.52874218079334	0.0333301066049977	1	0	2	0	4	0	0	0	2	1	0	0	0	1	2	0	0	4	1	2	3	1	0	2	4	2	1	0	0	0	2	7	3	3	1	4	46	2	0	3	7
LINC02235	1.77808580628453	3.9308687129628	4.51103685153298	0.0336768202070453	1	0	1	1	0	0	2	0	1	2	1	0	1	0	0	1	0	1	8	0	0	0	7	0	2	2	0	0	4	0	1	1	2	4	1	1	6	1	3	3	2
LINC01069	-1.69378663853562	3.88412631389749	4.49652154928518	0.0339638757213233	1	9	4	0	5	3	1	5	1	3	1	2	4	1	5	2	4	0	8	3	0	7	6	2	7	1	5	0	0	1	14	16	2	16	5	12	49	2	2	1	7
AC009097.1	1.7286024098781	3.92631073588163	4.47184709023556	0.0344577223790169	1	0	0	0	0	0	0	0	0	0	0	0	0	0	0	0	0	0	0	7	0	0	0	0	0	0	1	0	0	0	0	0	0	0	1	2	0	0	0	2	0
AC008735.4	-1.55629484339698	4.41367139268066	4.46881396262474	0.0345189448786503	1	1	0	0	0	0	1	0	2	0	0	1	0	2	0	0	3	0	0	0	0	0	2	1	0	0	1	0	0	0	4	5	1	0	2	1	18	1	5	3	0
AC013476.1	1.72488299790169	3.92591147253888	4.46169155493021	0.0346631553916373	1	0	0	0	0	0	0	0	1	0	3	0	1	0	1	0	4	0	2	0	94	0	0	0	1	0	0	0	7	1	2	0	7	0	3	0	3	1	0	2	0
AC020661.3	-1.53328088957915	3.88139600613593	4.45582157000558	0.0347824810212707	1	2	0	0	0	0	1	0	4	1	0	0	0	3	0	2	2	0	8	5	58	0	3	0	0	0	12	2	12	0	1	3	5	0	3	3	1	11	0	2	5
AC117500.1	-1.53328088957915	3.88139600613593	4.45582157000558	0.0347824810212707	1	5	1	1	4	2	3	0	1	6	5	5	5	8	0	6	5	0	1	2	4	2	4	11	5	12	1	2	3	3	8	1	0	0	3	5	83	6	2	4	7
C8orf17	-1.53328088957915	3.88139600613593	4.45582157000558	0.0347824810212707	1	0	0	0	0	0	0	0	0	0	0	0	0	0	0	0	0	0	1	0	1	0	0	0	1	0	0	0	0	1	0	0	1	0	0	1	3	0	0	2	0
AC127537.1	1.72698107795497	3.92256276154744	4.44269310495678	0.0350509150371958	1	4	3	2	1	4	4	0	0	2	3	3	1	0	0	4	3	0	7	3	8	4	3	6	2	0	4	0	3	1	4	5	1	15	4	7	8	3	4	10	5
AC244517.11	1.98686800835911	4.19666380071865	4.43816486653029	0.0351440044161499	1	1	2	0	0	3	4	5	6	4	7	4	5	12	5	2	2	3	0	1	4	1	3	0	0	1	0	0	0	2	0	5	1	2	3	1	3	2	0	2	1
ATP11A-AS1	-1.52195412822836	3.88073887865224	4.42867493230734	0.0353399338074179	1	0	0	0	0	0	0	0	0	0	0	0	0	0	0	0	0	0	0	0	1	2	0	0	0	0	0	0	0	0	0	0	0	0	0	0	2	0	0	0	0
AC007557.3	-1.52008215422324	3.88060289443298	4.42277613063573	0.0354622961509813	1	0	0	0	0	0	0	0	0	0	0	0	0	0	0	0	0	0	4	0	0	0	0	0	0	0	0	0	0	0	0	0	0	0	1	0	2	0	0	0	0
AC058791.1	1.3059965399788	4.7463844548385	4.42198141459176	0.0354788152643573	1	0	0	0	0	0	0	1	0	0	3	0	0	0	0	0	0	0	0	0	4	0	0	0	3	1	2	1	7	0	0	3	0	3	0	0	0	0	0	3	0
AC010776.3	1.82627585339399	3.93026646898427	4.42162449791231	0.0354862368192809	1	0	0	0	0	0	0	0	0	0	0	0	0	0	0	0	0	0	5	0	0	0	0	0	0	0	0	0	0	1	0	0	0	0	0	0	0	0	0	0	0
LINC02253	-1.51788748110485	3.88050499501607	4.41904919332548	0.035539834633936	1	0	0	0	0	0	0	2	0	0	2	0	0	0	0	0	0	0	0	0	0	0	0	0	0	0	0	0	0	0	0	0	0	0	0	0	0	0	0	0	0
AL359853.1	1.77015389543122	3.93023520732802	4.41694329385172	0.0355837260273093	1	0	0	0	0	0	0	0	0	0	0	0	0	0	0	0	0	0	4	0	2	0	0	0	0	0	0	0	0	0	0	0	0	0	0	0	0	0	0	0	0
AC021224.1	-1.51566844542801	3.88035041682214	4.41240748341817	0.0356784546325735	1	0	0	0	1	0	0	0	1	0	0	1	2	0	0	0	0	0	0	0	0	0	0	0	0	0	0	0	0	0	0	0	0	0	0	0	0	0	0	0	0
AC090578.2	-1.51058479839833	3.88008170062633	4.40161348925755	0.0359049455976979	1	5	0	0	0	0	0	0	3	3	0	0	0	2	0	0	5	0	0	1	0	0	0	0	0	0	1	0	0	0	0	1	1	0	1	0	0	0	0	0	0
AC103724.4	-1.51058479839833	3.88008170062633	4.40161348925755	0.0359049455976979	1	1	0	0	0	0	2	0	0	0	0	0	1	12	5	5	2	0	2	1	0	0	0	0	0	1	0	0	0	0	0	0	2	0	0	0	0	0	0	1	0
WWOX-AS1	-1.51058479839833	3.88008170062633	4.40161348925755	0.0359049455976979	1	3	2	0	0	0	0	0	0	1	2	1	1	6	0	0	0	0	1	3	4	2	7	1	0	2	8	1	2	14	0	4	0	0	4	2	1	0	7	0	10
AC118758.3	-1.9552576934513	4.04873209447346	4.39901523936294	0.0359596891603868	1	2	0	0	0	0	4	1	2	1	2	1	5	0	0	0	0	0	5	0	8	2	2	5	0	0	2	4	3	1	4	13	0	3	4	2	2	0	4	2	0
AC112219.2	-1.36881729718169	4.57171237494464	4.37949465577181	0.0363737800116417	1	0	0	0	0	0	0	4	0	0	0	0	0	0	0	0	0	0	0	0	0	0	0	0	0	0	0	0	0	0	0	0	0	0	0	0	0	0	0	0	0
AC025171.5	1.71545117119381	3.92517130097788	4.3708273219234	0.0365592377600728	1	0	1	3	0	1	2	0	4	0	0	2	2	4	0	0	0	0	1	0	0	0	0	0	0	0	0	1	0	0	0	0	0	0	1	0	0	1	0	1	0
LINC02085	1.72562605686226	3.92239259188248	4.37035592212274	0.0365693527961353	1	10	6	4	3	17	11	2	0	34	2	3	8	1	7	3	0	0	3	0	5	0	1	6	1	0	3	2	0	6	2	4	0	7	0	0	8	8	3	0	8
FLJ16779	1.71338653878499	3.9252292945794	4.36520372503461	0.0366800970039715	1	25	122	13	5	10	77	2	2	12	18	8	0	39	7	2	1	0	5	16	8	7	11	2	21	2	13	25	7	20	13	3	1	3	1	5	5	7	6	2	24
AC108863.1	1.64852609035624	4.3566455032031	4.35977920707703	0.0367970741850403	1	0	0	0	0	0	0	0	0	0	0	0	0	0	0	0	0	0	2	0	0	0	0	0	5	0	0	0	0	0	0	0	0	0	0	4	0	0	0	0	4
AL391069.4	1.712596710148	3.92509403584362	4.35514591050008	0.0368972983666905	1	0	0	0	1	2	1	0	0	0	0	1	30	3	0	0	0	0	0	1	0	0	0	0	0	0	0	3	5	0	1	0	0	0	0	0	0	0	1	0	1
AC090518.1	-1.49080033989039	3.87888840138678	4.35203566552746	0.0369647373016159	1	0	0	0	0	0	0	0	0	0	0	0	5	0	0	0	0	0	0	0	0	0	0	0	0	0	0	0	0	0	0	0	0	0	0	0	0	0	0	0	0
AC023669.1	-1.48952325718812	3.8788589252528	4.3513606448215	0.0369793907059772	1	0	0	0	0	0	0	0	0	0	0	1	0	1	1	3	0	0	0	3	7	0	0	3	3	0	0	8	0	0	8	2	0	0	1	0	0	1	1	0	3
AC107884.2	-1.48952325718812	3.8788589252528	4.3513606448215	0.0369793907059772	1	3	7	0	7	5	8	0	3	3	3	2	10	1	0	6	0	0	0	0	0	1	4	2	0	0	3	5	2	2	0	0	2	0	0	0	1	3	0	0	6
AC114808.1	1.70817773394718	3.92466141855954	4.35109146110733	0.0369852358644788	1	0	0	1	4	0	4	1	0	1	1	7	5	0	0	1	0	18	1	0	5	0	0	0	0	2	0	2	0	0	1	2	1	0	5	0	3	1	0	0	1
AL353653.1	1.80249269101314	3.92085268222814	4.3448511801904	0.0371210112923889	1	6	3	3	1	2	6	1	0	4	8	5	7	4	3	3	7	1	1	7	14	0	14	3	4	6	6	4	4	10	2	8	43	9	17	3	0	3	5	3	2
AC009065.8	1.69360210977846	4.29793299591763	4.33441697540652	0.0373492052274896	1	43	104	84	157	88	140	87	81	60	59	97	47	301	24	99	31	129	181	101	31	15	240	411	63	149	17	89	1663	146	68	40	110	233	196	334	91	11	149	333	10
ERVE-1	-1.15426265336851	4.86994699891941	4.33411691870815	0.037355789100652	1	0	0	0	0	0	0	0	0	0	1	0	0	1	0	0	0	0	6	1	3	0	1	1	0	0	0	0	0	0	0	0	0	0	0	2	6	0	0	0	0
AL162171.2	1.69957928356581	3.92382848158908	4.33001023266844	0.0374460206942406	1	0	0	0	0	0	0	0	0	0	0	0	0	0	0	0	0	0	4	0	2	0	0	0	0	0	0	0	0	0	1	0	0	0	0	0	0	0	0	0	0
LINC01122	1.70262062166695	3.92050828176329	4.32302630177628	0.0375999954704646	1	0	0	0	0	0	0	0	0	0	0	1	0	0	0	0	0	0	0	1	17	0	0	0	0	0	1	3	0	0	0	0	0	0	0	0	0	1	0	0	0
LINC02562	-1.4787643877371	3.8781757504152	4.32262296375198	0.0376089081026237	1	1	0	2	0	0	0	2	0	6	0	3	3	3	0	0	0	13	0	0	3	0	1	0	3	0	0	2	0	0	2	0	0	0	0	1	0	0	2	0	0
AC131025.2	-1.47504565951145	3.87800088613407	4.31597890232465	0.0377560420942305	1	5	9	0	0	4	1	5	1	9	0	4	3	5	3	0	1	0	16	0	8	0	12	12	7	7	9	7	27	1	1	3	8	1	2	0	12	10	7	5	9
AP005057.1	1.69024546296389	3.92314292350123	4.31189770157456	0.0378467199791133	1	3	1	0	2	6	5	1	11	7	6	4	21	0	2	3	0	28	6	0	2	0	0	1	1	5	1	8	7	2	1	0	1	10	2	3	1	2	0	0	12
AL357078.1	1.73154784382631	4.25481016934529	4.3104517568095	0.0378789013302708	1	0	1	0	0	0	7	0	1	1	1	0	0	0	0	0	0	0	0	0	0	0	0	0	0	0	0	0	0	0	0	0	0	0	0	0	0	0	0	0	0
AC016745.1	1.69828332342109	4.29373020297221	4.30390235423419	0.0380250261846401	1	0	0	1	1	0	0	0	0	0	0	1	0	0	0	1	0	0	0	0	0	0	0	0	0	0	0	0	0	0	0	0	0	0	0	0	0	0	0	0	0
AC123768.3	1.68898477240758	3.91944777326498	4.29406539112207	0.0382456114130351	1	0	0	0	0	0	0	0	0	0	0	0	0	0	0	0	0	0	0	0	0	0	0	0	0	0	0	0	0	0	0	1	0	0	0	0	4	0	0	1	0
AC108463.3	1.86936186179807	4.20920938981727	4.27974180832309	0.0385692066299823	1	5	0	0	0	0	0	0	0	0	0	0	0	0	0	0	0	0	0	0	0	0	0	0	0	0	0	0	0	0	0	0	0	0	0	0	0	0	0	0	0
AC009480.1	2.0373334782499	4.05877691040409	4.2780014444396	0.038608719661755	1	20	13	4	6	4	3	9	6	9	9	11	10	3	5	8	18	8	10	14	13	10	5	7	16	2	0	6	2	20	12	15	8	24	18	16	359	7	4	6	15
AC020892.2	-1.45912136497706	3.87698747204481	4.27320532880357	0.0387178299482643	1	0	0	0	0	0	0	0	0	0	0	0	0	0	0	0	0	0	0	0	0	0	0	0	0	0	0	0	0	0	0	0	2	0	0	0	6	0	0	0	0
AC110615.1	-1.45602790917652	3.87690911286419	4.27154161260376	0.0387557545139021	1	0	0	0	0	0	0	0	0	0	0	0	2	0	0	0	4	0	0	0	0	0	0	0	0	0	0	0	0	0	0	0	0	0	0	0	0	0	0	0	0
AL049829.2	-1.45602790917652	3.87690911286419	4.27154161260376	0.0387557545139021	1	0	0	0	0	1	0	0	0	0	0	0	0	0	0	0	0	0	0	0	0	7	2	0	0	0	0	1	0	0	0	0	0	0	1	0	0	0	0	0	0
SHANK2-AS3	-1.45602790917652	3.87690911286419	4.27154161260376	0.0387557545139021	1	1	2	0	3	0	10	1	0	0	0	1	0	0	0	9	0	0	0	1	5	0	4	3	2	1	0	19	0	6	8	0	1	9	4	3	2	0	3	9	0
AC004217.1	1.66787576370457	3.92113676177744	4.26070928212623	0.0390036328959676	1	0	0	0	0	0	0	0	0	0	1	0	0	0	0	0	0	0	0	0	0	0	0	1	0	0	0	0	3	0	3	1	0	1	0	1	0	1	2	0	0
AP001610.1	1.45809839000326	4.53118874056745	4.26059821641664	0.0390061830283983	1	0	0	0	3	0	2	5	16	0	4	3	2	0	0	0	12	0	0	11	9	0	21	1	2	1	0	1	131	3	5	6	3	9	2	4	0	6	5	35	0
AC012485.1	1.2464692232542	4.80892449661044	4.25186917363823	0.0392071548250012	1	0	2	0	2	3	2	0	0	1	0	0	2	5	2	0	0	0	0	3	4	1	2	3	2	11	5	0	0	2	5	11	3	1	1	1	3	1	0	1	10
AC006277.1	1.70246720514255	3.92036986692643	4.25138345196776	0.039218369613331	1	0	0	0	0	0	0	0	0	4	0	0	0	0	0	0	0	0	0	0	0	0	0	0	0	0	0	0	0	0	0	0	0	0	0	0	0	0	0	0	0
AC109597.2	-1.98400914596596	4.03389432885731	4.24495026273936	0.0393672228227984	1	0	0	0	0	0	0	0	0	0	0	0	0	0	0	0	0	0	0	0	0	0	0	0	0	0	0	0	0	0	0	0	7	2	0	0	0	0	0	0	0
AP000255.1	-1.44295195805006	3.87614023933692	4.24006006296535	0.0394807702671074	1	0	0	0	0	0	2	4	0	0	0	0	0	0	0	0	0	0	0	0	0	0	0	0	0	0	0	0	0	0	0	0	0	0	0	0	0	0	0	0	0
LINC01883	1.82571189418213	3.92148086558446	4.22854486600925	0.039749505360681	1	0	0	0	0	0	0	0	0	0	0	1	0	3	0	0	0	7	0	0	0	0	0	0	0	0	0	0	0	0	0	0	0	0	0	0	0	0	0	0	0
AC239803.1	2.88816480118714	5.00474351520288	4.22813611123874	0.0397590798463744	1	0	1	0	1	0	1	0	0	4	0	0	0	0	0	0	0	0	5	0	0	0	1	0	0	1	6	4	0	0	10	0	0	0	4	0	0	0	0	0	8
LUCAT1	1.10451617813814	8.32561127839601	4.22497111616836	0.0398332972113422	1	1	0	0	4	0	2	0	0	2	1	0	0	1	0	4	0	0	2	9	1	0	4	0	5	0	1	0	0	2	0	2	6	0	5	0	5	2	0	22	0
LINC01605	1.6565956293029	3.9167478788295	4.21691702896702	0.0400228175032612	1	0	0	0	0	0	0	0	0	0	0	0	0	0	0	1	0	0	0	0	0	0	0	0	0	0	1	0	0	6	0	0	1	2	0	0	0	0	3	0	0
AC087623.1	1.73152894464558	4.3289615094901	4.21294249061252	0.0401166906414441	1	0	0	0	0	2	0	0	0	7	0	0	0	0	0	0	0	5	0	0	0	0	0	0	0	0	0	0	0	0	0	0	0	0	0	0	0	0	0	0	0
AC005871.2	1.65080563286148	3.91630629817854	4.2090791126623	0.0402081598283886	1	0	0	0	0	0	0	0	0	0	0	0	0	0	0	0	0	0	0	0	0	0	0	0	0	1	4	0	0	0	0	2	0	0	0	0	0	0	0	0	0
AC124861.1	-1.42835630163459	3.87529041996584	4.2054547597637	0.040294168888242	1	0	0	3	0	0	0	0	0	0	0	0	0	0	0	0	0	0	0	0	0	0	0	0	0	0	0	0	0	0	0	0	0	0	0	0	0	0	0	0	0
AL138831.1	1.78520712210674	4.22856310106065	4.20432059733058	0.0403211232079858	1	0	0	0	0	0	0	0	0	0	0	0	0	0	0	0	0	0	2	0	3	0	1	5	0	0	0	0	0	0	0	0	0	0	0	0	0	1	0	0	0
CARMN	-1.03285512593305	6.75651219356853	4.20184006662442	0.040380141084073	1	0	0	0	0	0	0	0	0	0	0	0	0	0	0	0	0	0	0	0	3	0	0	0	0	0	0	1	1	0	0	0	3	0	0	0	0	0	0	0	0
AC009884.1	-1.42617464654452	3.87515640354316	4.19988658201264	0.0404266830723329	1	0	0	0	0	0	0	0	0	0	0	0	0	0	0	0	0	0	1	0	0	0	0	2	0	0	0	0	2	0	0	0	0	0	0	1	0	0	0	0	0
AC002064.2	1.87059095317369	4.17956576823504	4.19783297673974	0.0404756711689768	1	0	3	1	2	0	2	4	10	9	0	1	0	1	6	3	0	0	4	8	8	0	3	4	4	5	2	1	11	3	0	0	4	5	5	39	0	4	4	8	1
LINC02154	1.70450511106484	3.92060503218542	4.18715804184759	0.0407313242402961	1	0	0	0	0	0	0	0	0	0	0	0	2	0	0	0	0	4	0	0	0	0	0	0	0	0	0	0	0	0	0	0	0	0	0	0	0	0	0	0	0
AC006441.1	-2.02272918755836	3.99142563478256	4.17990847152459	0.0409059098355634	1	0	0	0	0	0	0	0	0	0	0	0	0	0	0	0	0	0	0	8	1	0	0	0	0	0	0	0	0	0	3	0	0	0	0	0	0	0	0	0	0
PKP4-AS1	1.12387556835158	5.13707601894919	4.17910328870183	0.0409253488360809	1	3	0	0	0	1	1	0	0	0	0	0	0	0	0	0	0	0	0	0	0	0	0	0	0	0	0	0	0	0	0	0	0	0	0	0	0	0	0	0	0
AL357054.2	-1.41231414003478	3.87435459799367	4.16739125494839	0.0412092042723387	1	0	0	0	0	0	0	0	0	0	0	0	0	0	0	0	0	0	7	0	0	0	0	0	0	0	0	0	0	0	0	0	0	0	0	0	0	1	0	0	0
AC148477.5	2.0007151070184	4.06234293310322	4.16224141649365	0.0413346707097727	1	2	0	0	0	0	0	0	0	0	0	0	0	0	0	0	0	0	0	0	0	0	3	0	3	0	0	3	0	15	0	2	0	0	0	0	3	0	0	0	5
ZNF252P-AS1	1.29643470016877	4.69324509107949	4.15909922448154	0.0414114215479302	1	0	0	0	0	0	0	0	0	0	0	0	0	0	0	0	0	0	0	0	6	0	0	0	0	0	0	0	2	0	0	0	0	0	0	0	0	0	0	0	0
AL589765.1	-1.40953608384482	3.87414809086848	4.15817041518094	0.04143413719737	1	0	0	0	0	0	0	0	0	0	0	0	0	0	0	0	0	0	0	0	0	0	1	0	0	0	0	0	0	3	0	0	3	0	0	0	0	0	0	0	1
AC007128.1	-1.40846284620918	3.87412692110708	4.15808674415623	0.0414361841606296	1	3	1	0	0	6	1	4	1	2	0	5	0	1	1	0	0	0	0	2	0	0	0	0	0	0	2	1	0	0	0	0	0	0	0	0	2	0	1	2	0
AC243829.1	-1.41037399957173	3.87410291588167	4.15464235626221	0.0415205413882447	1	0	0	0	0	0	0	0	0	0	0	0	0	0	0	0	0	0	0	0	0	0	1	0	0	0	0	3	0	1	0	0	1	0	0	0	0	0	0	0	0
LINC02227	-1.41037399957173	3.87410291588167	4.15464235626221	0.0415205413882447	1	0	2	0	0	0	1	0	0	0	0	1	1	0	0	1	0	0	0	2	6	0	4	4	1	0	0	0	0	1	8	0	1	1	1	1	0	0	0	1	3
MIR4697HG	1.01008522746718	5.29291798246817	4.15454777675423	0.0415228602983323	1	0	0	0	0	0	0	0	0	0	0	0	0	0	0	0	0	0	0	0	5	0	0	0	1	0	0	0	0	0	0	0	0	0	0	0	0	0	0	0	0
AL139022.2	1.65755585005189	3.91693315689867	4.1526334568418	0.0415698250491859	1	0	0	0	0	0	0	0	0	0	0	0	0	0	0	0	0	0	0	0	0	0	0	0	0	0	0	0	0	0	1	0	0	1	0	1	0	0	2	0	1
AL353795.2	-1.98438332267509	3.97661124022498	4.15178107265655	0.0415907548739064	1	0	0	0	1	0	0	0	0	0	0	0	0	0	0	0	0	0	0	0	25	0	0	0	0	0	0	0	0	0	0	0	2	0	0	0	0	0	0	1	0
AC026765.2	-1.09424778453323	4.93992831469365	4.14905745941172	0.0416577059375923	1	1	0	0	0	0	0	0	0	0	0	0	4	0	0	0	0	0	0	0	0	0	0	0	0	0	0	0	0	0	0	0	0	0	0	0	0	0	0	0	0
LINC01681	1.59217789697235	3.91136466956147	4.13883490859609	0.0419100055559189	1	0	0	0	0	0	0	0	0	0	0	0	0	0	0	0	0	0	0	0	1	0	0	0	0	0	0	1	1	1	0	0	3	0	0	0	0	0	0	0	0
AL450306.1	1.65451003155752	3.9161045756424	4.13712169305402	0.0419524457555269	1	0	0	0	0	0	0	0	0	0	0	0	0	0	0	0	0	0	0	1	0	7	0	0	0	0	0	0	0	0	0	0	0	0	0	0	0	0	0	0	0
AC005920.3	1.64739282723724	3.91608601939687	4.1299869535237	0.0421296755890054	1	0	0	0	0	0	0	0	0	0	0	0	0	0	0	0	0	0	0	0	0	2	0	0	0	0	0	0	0	3	0	0	0	0	0	0	0	0	0	0	0
AC092718.1	-1.39598755023371	3.87340305365926	4.12877136523978	0.0421599496659522	1	0	0	0	0	70	0	0	96	2	0	0	1	1	0	1	0	0	0	0	0	0	0	0	0	0	0	0	0	0	0	0	0	0	0	0	1	0	0	0	1
AC004923.4	1.61196383244627	3.91313793545254	4.12400227743135	0.0422789442165643	1	0	3	0	0	0	0	0	0	0	0	1	0	0	0	0	0	0	0	0	0	0	0	0	0	0	1	5	10	0	0	3	1	0	1	0	1	0	0	1	0
AC004491.1	1.61059980058313	3.91302868644384	4.11700088412969	0.0424542774802759	1	0	1	2	0	0	0	0	0	0	0	0	4	0	0	1	0	0	0	1	6	0	0	5	4	2	5	4	1	0	5	0	15	0	1	0	0	0	2	0	0
AC092747.1	2.04841553537414	4.0511337703126	4.11415969088216	0.0425256462905119	1	0	0	0	0	6	1	0	0	5	0	0	0	0	0	0	1	8	0	0	0	0	0	0	0	0	0	0	1	2	0	0	0	0	0	0	0	0	0	0	0
AC069257.1	1.81118337168948	3.91436188616229	4.11114772713614	0.0426014424841942	1	0	0	0	0	0	0	0	0	0	0	0	0	0	0	0	0	0	0	0	0	0	0	0	0	0	0	1	0	0	0	0	3	0	0	0	0	1	0	1	0
AC067817.2	1.70568864406012	3.91473214944577	4.10715462214543	0.0427021481755607	1	0	0	0	0	0	0	0	0	0	0	0	2	0	4	0	0	0	0	0	0	0	0	0	0	0	0	0	0	0	0	0	0	0	0	0	0	0	0	0	0
AC098484.1	1.95583054584234	4.03536571396091	4.10134184500641	0.0428491934264887	1	0	0	0	0	0	0	0	0	0	0	0	5	0	0	0	0	0	0	0	0	0	0	0	0	0	0	0	0	0	0	0	0	0	0	0	0	0	0	0	0
LINC02327	-2.00981050526541	3.97364786082953	4.10120005816462	0.0428527868391395	1	0	0	0	0	0	0	0	0	0	0	0	1	0	0	0	0	0	0	0	4	4	0	0	0	0	2	0	0	5	0	2	3	0	0	0	0	0	0	1	0
AL357552.2	1.63256026296494	3.91488322868875	4.09782419772803	0.0429384375161316	1	0	0	0	0	0	0	0	0	0	0	0	0	0	0	0	0	0	0	0	0	0	0	0	0	0	0	0	0	0	0	0	2	0	0	0	0	0	4	0	0
AL512598.1	-1.52355187716241	3.87547304145363	4.0956691442195	0.0429932086040613	1	1	9	4	4	0	5	30	2	12	4	0	4	2	15	13	1	3	4	2	13	5	10	15	4	0	4	8	4	6	8	4	173	2	17	2	7	6	5	5	5
AC009121.1	1.59651834347692	3.91174942988219	4.0867711518288	0.043220131909654	1	0	0	0	0	0	0	0	0	0	0	0	0	0	0	0	0	7	0	0	0	0	0	0	0	0	0	0	0	0	0	0	0	0	0	0	0	0	0	0	0
AC020911.2	1.97818994765423	4.05061752338606	4.0820406068133	0.0433412863959307	1	0	0	0	0	0	0	0	0	2	0	2	0	0	0	0	0	0	0	0	0	0	0	0	0	0	0	0	0	0	0	0	0	0	0	0	0	0	0	0	0
SOX2-OT	1.27198173982378	4.72529515803624	4.07802188785468	0.043444490876083	1	0	0	0	0	0	0	0	2	0	0	3	0	0	0	0	0	0	0	0	0	0	0	0	0	0	0	0	0	0	0	0	0	0	0	0	0	0	0	0	0
SEC23A-AS1	-1.30102911808691	4.5716832206402	4.07684120765276	0.0434748609610592	1	0	0	0	0	0	0	0	0	0	0	0	0	0	0	0	0	0	0	0	0	0	0	0	0	0	0	0	0	0	0	1	0	2	0	0	0	0	4	0	0
AC005962.1	1.60352951788201	4.33571506573576	4.07078476919225	0.0436309994086604	1	0	0	0	0	0	0	0	0	0	0	0	0	0	0	0	0	0	0	0	0	0	0	0	0	0	0	3	0	0	0	0	0	0	0	0	0	0	0	0	6
AC019183.1	1.75084559639981	3.91561499206036	4.06755350705807	0.0437145444376082	1	0	0	0	0	0	0	0	0	0	0	4	0	0	0	0	0	0	0	0	0	0	0	0	0	0	0	0	0	0	0	0	0	0	0	0	0	0	0	0	0
AL353593.1	1.35873689764561	4.56927018864316	4.06610226378272	0.0437521214243014	1	0	1	0	0	1	0	0	0	2	1	0	0	1	0	0	0	0	0	0	0	0	0	0	0	0	0	0	0	0	0	0	0	0	0	0	0	0	0	0	0
AP003555.1	1.71331314920762	3.91317713223323	4.06564831913228	0.0437638823726145	1	5	0	1	0	0	0	0	0	0	0	0	0	0	0	0	2	0	0	0	0	0	0	0	0	0	0	0	0	0	0	0	0	0	0	0	0	0	0	0	1
AC025580.3	1.27541601919906	5.09058118102396	4.06286834140777	0.0438359795571002	1	0	0	0	0	0	0	0	0	1	0	4	0	0	0	0	0	0	0	0	0	0	0	0	0	0	0	0	0	0	0	0	0	0	0	0	0	0	0	0	0
AL031123.1	1.6443862874799	3.91563070216067	4.05451691905396	0.0440533217546905	1	0	0	0	0	0	0	0	0	0	0	0	0	0	0	0	0	0	0	0	2	0	0	0	0	0	2	2	0	0	0	0	0	0	0	0	0	0	0	0	2
AC024257.4	-1.90700625854894	4.09116791466021	4.05343080657713	0.0440816705864225	1	0	0	0	1	0	3	0	0	0	0	0	0	0	0	0	0	0	0	0	0	0	0	0	0	0	0	0	0	0	0	0	0	0	0	0	0	0	0	0	0
AL358072.1	1.54883191554875	4.39514252536252	4.0527027160153	0.0441006853674244	1	0	0	0	0	0	0	0	0	0	0	0	0	0	0	0	0	0	0	0	0	0	0	0	1	0	0	3	0	0	0	0	0	0	0	0	0	0	0	3	0
AC018529.3	-1.14474006674839	4.81934923549056	4.05080445406318	0.0441503008947655	1	0	11	7	27	21	2	33	23	11	34	4	122	4	72	48	35	5	52	185	33	33	41	25	17	55	2	9	6	14	23	53	296	12	83	12	38	95	11	88	1
LINC00323	1.94144527003334	4.04599249894541	4.04942883868062	0.0441862925386233	1	0	0	0	0	0	0	0	0	0	0	0	0	0	0	0	0	0	0	0	0	0	0	0	0	0	0	0	1	0	0	2	4	0	0	0	0	1	0	0	0
F10-AS1	-1.2358258207158	4.69323657937168	4.04550566989031	0.04428910817246	1	0	0	0	0	0	0	0	3	0	0	0	0	0	0	0	0	0	5	0	0	0	1	0	1	0	4	0	2	3	1	3	0	0	3	0	11	1	2	0	0
PTCHD1-AS	1.60578861423486	3.91267705053475	4.04444683285993	0.044316900554746	1	10	21	3	15	23	16	16	17	60	23	8	74	13	47	38	13	0	47	32	82	7	103	18	21	33	47	54	32	20	48	41	201	19	67	33	61	25	25	64	41
AC007216.2	1.60674008400679	3.9126484266204	4.03846552348819	0.0444742432582199	1	2	0	0	8	13	7	14	13	4	6	2	12	2	24	8	18	6	46	19	4	12	18	9	2	15	11	2	7	3	18	12	62	44	76	18	38	27	11	25	1
AL078581.3	1.23497465314888	4.75346964964219	4.02524316415565	0.044824157715685	1	0	0	0	5	0	4	6	1	1	8	2	4	1	0	6	1	0	4	13	11	0	6	1	0	2	0	1	7	1	2	7	15	1	12	0	2	4	8	7	0
AC078925.2	1.62593568785743	3.91435282051185	4.02122562688233	0.044931050450112	1	0	1	0	0	0	0	0	0	0	0	0	0	0	0	0	0	0	0	0	19	0	0	0	0	0	1	1	0	0	0	0	0	0	0	0	0	0	0	2	0
AC136628.1	1.62734453505697	3.91450697526939	4.01794566374044	0.0450185179141677	1	0	0	0	0	0	0	0	0	0	2	0	0	1	0	0	0	0	0	0	0	0	0	0	0	0	0	0	7	0	1	0	8	0	0	0	4	0	0	0	0
AC092819.1	1.68303734211553	3.91895653091332	4.01564181545646	0.0450800623136527	1	0	0	0	0	0	0	0	0	0	0	0	0	0	0	0	0	0	0	0	3	0	1	0	0	0	0	0	0	0	2	0	0	0	0	0	0	0	0	0	0
LINC00278	1.11674621722232	5.02029313890337	4.01556130179286	0.0450822147362773	1	2	0	0	0	0	0	0	0	0	0	8	1	0	0	0	0	0	0	0	0	0	0	0	0	0	0	0	0	0	0	0	1	0	0	0	0	0	0	0	0
AC002347.1	1.89195259755637	4.04056049248626	4.01516168498382	0.0450928995466751	1	0	0	0	4	0	0	0	0	0	0	0	0	0	0	0	0	0	0	0	0	0	0	0	0	0	0	0	0	0	0	0	0	0	0	0	0	0	0	0	0
AC006059.1	1.2729077811707	4.67081776316452	4.01016313169428	0.0452267746133687	1	0	0	0	0	0	0	0	0	0	0	0	0	0	0	0	0	0	0	0	0	0	0	0	1	0	0	0	0	7	0	0	0	7	0	0	11	5	2	0	1
LINC01562	-1.50809489751667	4.32829576927711	4.00665156359327	0.0453210744052343	1	15	48	26	20	17	38	49	6	16	11	35	43	66	33	39	25	31	25	13	1031	10	70	30	31	9	82	142	540	11	44	19	60	110	49	42	37	17	37	99	29
AC019069.1	1.15815775343123	4.85281773137183	3.99797051437444	0.0455550856041173	1	0	6	3	0	0	1	0	0	6	0	3	2	0	1	1	1	6	4	0	2	8	0	1	1	2	10	1	7	5	2	0	0	2	1	4	31	0	0	0	7
AC145098.1	1.64428607562824	4.33375772660293	3.98737403417896	0.0458424566140353	1	3	5	0	0	1	0	0	4	2	3	0	5	9	4	0	4	0	0	5	0	2	1	3	0	2	5	3	0	4	4	1	1	7	8	9	48	4	13	3	2
AL139081.1	1.57747835563788	3.91027493984349	3.98466914520318	0.0459161173666277	1	0	0	0	0	0	0	0	0	0	0	0	0	0	0	0	0	0	0	0	0	0	0	0	0	0	0	1	0	0	0	0	6	0	1	0	0	0	0	0	3
AC008033.3	1.57457540981752	4.35682836976544	3.97660410451724	0.0461364894607716	1	0	1	0	0	0	0	0	5	0	0	0	0	0	0	1	0	0	0	0	0	0	0	0	0	0	0	0	0	0	0	0	0	0	0	0	0	0	0	0	0
BSN-DT	-1.72699416981754	4.172463315569	3.96249580385486	0.0465246745429342	1	0	0	0	0	0	0	0	0	5	7	2	8	2	0	1	0	0	1	26	0	1	2	2	0	0	0	0	0	1	1	8	7	1	5	8	3	5	2	22	0
AL033527.2	1.40068086094368	4.49725348990809	3.96069198975079	0.0465745535394642	1	0	0	0	0	0	0	0	0	0	0	0	0	0	0	0	0	0	3	0	0	0	0	0	0	0	2	0	0	0	0	0	0	0	0	1	0	0	0	0	0
NARF-AS1	1.56599401094011	3.90944412445866	3.95877185952782	0.0466277108527932	1	0	0	0	0	0	0	0	0	1	0	0	1	0	0	0	0	0	1	2	0	0	0	1	2	0	0	1	0	1	0	0	0	0	3	0	7	0	1	0	1
AC018695.7	1.59577019584998	3.91192894865061	3.957101568816	0.0466740035721471	1	1	0	0	1	0	0	0	0	0	0	0	0	0	0	0	0	0	0	4	0	0	0	0	0	0	1	1	2	6	0	3	0	0	0	0	0	0	1	0	5
LINC00989	1.9767169781581	4.04944277963562	3.95573562063514	0.0467118973413081	1	7	10	3	1	0	0	0	1	3	1	0	0	5	1	0	0	5	0	0	1	0	1	0	1	0	1	1	0	0	0	1	0	4	2	1	2	1	2	1	0
AC007285.2	1.74790295767208	3.90953853668099	3.9509292227055	0.0468454932235072	1	0	0	0	0	0	0	0	0	0	0	0	0	0	0	0	0	0	5	0	0	0	0	0	0	0	2	0	0	0	0	0	0	3	0	0	0	0	0	0	0
AC084782.1	-1.97168795142059	4.03307673350763	3.94038018495887	0.0471401227019762	1	0	0	0	0	0	0	0	4	0	0	0	0	0	0	0	0	0	0	0	0	0	0	0	0	0	0	0	0	0	0	0	0	0	0	0	0	0	0	0	0
AC062037.2	1.55974894124254	3.90891156938048	3.93939816109138	0.0471676493956604	1	0	0	0	0	0	0	0	2	0	0	0	3	0	0	0	0	0	0	0	0	0	0	0	0	0	0	0	0	0	0	0	0	0	0	0	0	0	0	0	0
AP005671.1	1.58947986853282	3.91139708135556	3.93596838330948	0.0472639211066466	1	0	0	0	0	1	0	3	1	1	1	2	2	0	0	1	0	0	3	7	1	3	0	1	4	3	0	1	0	1	3	0	7	1	2	1	39	0	1	3	2
AC018659.2	-1.68404664556908	4.15431936575459	3.92766393494868	0.0474978811824695	1	6	1	3	3	1	0	1	2	13	4	0	1	0	0	1	3	0	0	3	0	1	1	0	1	0	0	0	3	1	0	0	0	0	0	0	0	0	0	1	1
LINC01655	1.58524594004667	3.91105356028946	3.92692877518021	0.0475186515124918	1	0	0	1	4	1	0	0	0	0	0	1	3	0	0	0	3	2	2	0	5	5	2	1	1	0	2	5	1	6	0	0	0	5	2	0	3	1	5	1	5
AC122710.3	1.89912493094584	4.11490213106404	3.92242160886984	0.0476462012461972	1	0	5	3	7	1	0	0	0	4	7	6	9	0	0	0	1	19	0	3	2	1	0	3	2	3	0	0	0	0	2	2	1	4	1	1	0	1	2	1	2
AC137579.1	1.62947872909369	3.91472692280561	3.92031658079281	0.0477058957920223	1	0	0	0	0	0	0	0	0	0	0	0	0	0	0	0	0	0	0	0	0	0	0	0	0	0	0	0	0	0	0	2	0	0	1	0	6	0	0	0	0
AC245060.2	1.5487591727438	3.90792699164856	3.91867398072237	0.0477525315741472	1	2	0	0	0	2	0	0	0	3	1	0	3	0	3	0	0	0	0	0	0	0	1	0	0	0	0	0	0	0	0	0	0	0	0	0	0	0	0	0	0
HLTF-AS1	1.54338957638794	3.90745137646555	3.9008237932292	0.0482624370709824	1	0	0	0	0	0	0	0	0	0	0	0	0	0	0	0	0	0	0	0	10	0	0	0	0	0	0	0	0	0	0	0	0	0	0	0	0	0	0	0	0
AC034213.1	-1.29830272418386	3.86769156994636	3.89728845680936	0.0483641068516226	1	0	0	0	0	0	0	0	0	0	0	0	0	0	0	0	0	0	0	0	0	0	0	2	0	0	0	4	2	0	0	0	0	7	0	0	0	0	0	0	2
AC126177.2	-1.29830272418386	3.86769156994636	3.89728845680936	0.0483641068516226	1	1	0	2	1	3	4	3	3	6	4	1	2	0	2	6	0	0	3	2	5	0	4	8	7	1	1	0	6	2	5	7	3	4	11	5	35	0	0	3	1
AL807761.3	-1.29830272418386	3.86769156994636	3.89728845680936	0.0483641068516226	1	0	0	0	0	0	0	0	0	0	0	0	0	0	0	0	0	0	0	0	0	7	0	0	0	3	0	0	0	0	0	0	0	0	0	0	0	0	0	0	0
LINC00589	-1.29830272418386	3.86769156994636	3.89728845680936	0.0483641068516226	1	0	2	15	4	2	0	4	0	78	1	7	9	0	3	0	0	2	3	0	1	0	0	8	1	2	1	0	1	1	2	4	2	15	2	1	0	1	7	2	0
BANCR	1.56393688052048	3.90937088660074	3.88843082829331	0.0486198299937739	1	0	0	0	0	0	0	0	0	0	0	0	0	0	0	0	0	0	0	1	0	0	0	0	0	0	0	2	3	1	0	0	0	0	0	1	0	0	0	1	1
LINC01993	1.73127967744168	4.23477452939898	3.88035504232741	0.0488542251243403	1	0	0	0	0	0	0	0	0	0	0	0	0	0	0	0	0	0	1	0	0	0	0	0	1	0	0	0	0	0	0	0	4	0	0	0	0	0	0	1	0
AC011447.6	-1.40916300218385	3.87018351682035	3.87253421737665	0.0490823575705707	1	0	0	0	0	0	0	0	0	0	4	0	0	0	0	0	0	0	0	0	0	0	0	0	0	0	0	0	0	0	0	0	0	0	0	0	0	0	0	0	0
AC010336.6	-1.83426585454826	4.08601254450196	3.86318474536029	0.0493565575844411	1	0	0	0	0	0	0	0	0	0	0	2	0	0	0	0	0	5	0	0	0	0	0	0	0	0	0	0	0	0	0	0	0	0	0	0	0	0	0	0	0
AC008250.1	1.50135204594135	4.4238116198368	3.86180042687561	0.0493972939858141	1	8	4	3	1	12	6	10	18	6	9	4	12	15	1	4	2	6	9	146	5	4	1	2	5	3	7	7	9	2	10	17	7	10	12	8	11	28	12	18	3
MRVI1-AS1	1.83777742809993	4.186573877869	3.85438890718008	0.0496159979767098	1	2	0	0	0	1	3	4	0	0	1	1	1	0	1	1	0	0	5	1	2	0	1	0	8	0	1	1	1	1	1	1	15	0	1	0	1	4	0	1	6
AL138900.3	1.06706869732517	5.07095395545322	3.84625764341406	0.0498571178221892	1	0	0	0	0	0	0	1	0	0	0	0	0	0	0	0	0	0	0	0	1	2	0	0	0	1	0	2	4	2	0	0	1	0	0	0	0	1	1	0	0
