genes	logFC	logCPM	LR	PValue	FDR
MIR2355	-2.79510365211955	11.7609347387465	9.7707515273823	0.0017730996161526	1
MIR3661	1.56358033693971	12.9775276321562	7.51576470994911	0.00611613144638242	1
MIR7976	2.49550194081223	11.7713518861609	7.25449404582866	0.00707237950022295	1
MIR26A1	-2.33073311748116	11.6969603040366	6.83871223511598	0.00892031214228475	1
MIR1915	-2.48399298557055	11.791436421283	6.7320306581183	0.00946967337141	1
MIR606	-2.34518992414264	11.6945262290308	6.59945303595441	0.0102010100148725	1
MIR26A2	1.85560630939999	12.0837245410344	5.39145495713195	0.0202355914874061	1
MIR6815	-1.86314590024398	11.6475088918063	5.19007161676334	0.0227162801268545	1
MIR6779	-1.81201299067591	11.643175691317	5.11284871010198	0.0237492940544405	1
MIR4526	-1.81482887122108	11.6432240638192	5.05291299957504	0.0245845733913166	1
MIR6868	2.0878596592788	11.7075276641706	4.97695223652484	0.0256871979939034	1
MIR6809	-2.04037677754814	11.796849435498	4.64235118724281	0.031192239801767	1
MIR3666	-1.70030766485398	11.6331266068003	4.46406872512844	0.0346149538794693	1
MIR4645	-1.61048376814434	11.6261889654671	4.41198150575265	0.0356873645506538	1
MIR3934	-1.6079971330159	11.6259955264602	4.40092335036629	0.0359194778975139	1
MIR641	1.79028603583356	11.9770676720333	4.3438222688376	0.0371434483322488	1
MIR3944	-1.76114744339178	11.9172316036738	4.27242265413409	0.038735666240772	1
MIR4655	1.81117337380201	11.6736057611613	4.25400923175595	0.0391577832403869	1
MIR33A	-1.52764715405049	11.6198544392209	4.19800087912218	0.0404716635730558	1
MIR6766	-1.26343451424537	12.4667951981695	4.16163707536739	0.0413494206658051	1
MIR6855	-1.55002630679679	11.6216390302091	4.12165938813087	0.0423375314213582	1
MIR3649	-1.51383192069425	11.618947417565	4.05670798965337	0.043996190574618	1
MIR889	-1.49002078205417	11.6172068129009	4.00439895707995	0.0453816750079784	1
MIR1226	-1.48651242275443	11.6169511298867	3.99701177433328	0.0455810078729786	1
MIR125B1	-1.47920057349832	11.616435693063	3.97403900039714	0.0462068127014286	1
MIR587	-1.4185187793503	11.6120718308037	3.85192571097635	0.0496889098524442	1
MIR3125	1.65025408375878	11.6559124678215	3.82251981374299	0.0505681356188489	1
MIR4449	1.61368649369625	11.6520795642943	3.74118523119809	0.0530867762388804	1
MIR5587	1.29570665914844	12.3814683892663	3.71354540739777	0.0539726326194615	1
MIR23C	1.63048446662862	11.6540707219211	3.69777440571207	0.0544850982198037	1
MIR320A	1.25186184098771	12.4834111372578	3.68097438839489	0.0550366778377282	1
MIR1255A	-1.66605056825075	11.88172854399	3.63500682148024	0.0565763726668779	1
MIR6816	-1.36885603458174	11.6091453041976	3.5560209124389	0.0593298008861207	1
MIR361	-1.36852315824731	11.6091227688956	3.55536702644766	0.0593531806854783	1
MIR6806	1.50160823501267	11.640726881753	3.49772595319302	0.0614531582652815	1
MIR433	1.52694611293747	11.6436075394951	3.47798970444965	0.0621902470305098	1
MIRLET7A1	1.80385508287265	11.8263761420513	3.45360377890129	0.0631140183601483	1
MIR933	-1.31045782481054	11.6054819409162	3.39624676901597	0.0653449451814539	1
MIR132	1.48365761777716	11.6393724237432	3.38789040422122	0.0656769293653196	1
MIR629	-1.25019519360527	11.6012986609488	3.32273876387638	0.0683279143004547	1
MIR126	0.974007986295423	13.0480931000757	3.2975780733743	0.0693821114622614	1
MIR6882	-1.23980012597468	11.6006619063641	3.29713636615512	0.0694007730908891	1
MIR6738	-1.23557416995986	11.6003593292406	3.29396874916567	0.069534758821429	1
MIR1262	1.42737941045804	11.6339870932934	3.27294622184225	0.0704310297966112	1
MIR4725	1.47342318795536	11.6389304448676	3.20227700368057	0.0735358221833128	1
MIR101-1	-1.18447097191122	11.5971273212537	3.19334955830955	0.0739383677768414	1
MIR4441	-1.18447097191122	11.5971273212537	3.19334955830955	0.0739383677768414	1
MIR4461	1.41489630725134	12.0676962245779	3.18127026912881	0.0744868025875736	1
MIR583	-1.17687537167556	11.5966539103732	3.17838477775139	0.0746184575894927	1
MIR6846	-1.15785435588977	11.5955916431799	3.12445388801815	0.0771257098035703	1
MIR6780A	-1.13180718956887	11.5939072690158	3.08597800774645	0.0789697770118707	1
MIR3680-1	-1.1146800045162	11.5928481107445	3.05573401741117	0.0804526353672308	1
MIR762	1.47500424785389	11.6397572185495	3.01945570466524	0.0822710741631493	1
MIR1286	1.35757726946205	11.6282079407892	3.01667927823425	0.0824120571810617	1
MIR495	-1.26994519448822	11.6039094977733	2.99975299411696	0.0832772121916562	1
MIR548N	-1.04536528741333	11.5887611966285	2.91874123882095	0.0875561411149113	1
MIR107	-1.0308481128451	11.5879266650213	2.88999905191024	0.0891309779682596	1
MIR1227	1.6709903443022	11.8067516188769	2.87844928972307	0.0897724364034017	1
MIRLET7E	1.27193486982078	11.6206333048768	2.86911362059805	0.0902945869605237	1
MIR589	-1.29423504120508	12.0341334925366	2.82362031603574	0.0928866811566285	1
MIR32	1.23352985220806	11.6173501651428	2.80100272766368	0.0942053744540548	1
MIR2276	-1.71809476953714	11.7209487805142	2.73467632917475	0.0981913936599301	1
MIR3134	-1.10279147654887	11.593745213501	2.71121452913325	0.0996451016106734	1
MIR590	-0.8343638284904	13.1319969133853	2.70669209647556	0.0999280061234577	1
MIR5699	1.17221272956297	11.6121690429253	2.69763536970289	0.100497198271364	1
MIR760	-1.0737649249051	11.5917926308049	2.68770860461765	0.101125142036628	1
MIR1913	-1.03407372775667	11.5894532515734	2.62314389447608	0.10531559289206	1
MIR375	-1.02871070782079	11.5891405938782	2.61438113156635	0.105898832191501	1
MIR595	1.20331948496746	11.6160512111332	2.5993443683455	0.106907932988539	1
MIR6801	1.71111774071977	11.7302806617038	2.58572945284513	0.107830721469311	1
MIR548E	-1.00118985723667	11.5875560544184	2.56859872336109	0.109004250327357	1
MIR299	1.16686954823228	11.6130160630319	2.54266436400786	0.110807662318724	1
MIR6505	1.16686954823228	11.6130160630319	2.54266436400786	0.110807662318724	1
MIR6825	-0.985417425493793	11.5866644652408	2.54161708013762	0.110881173915117	1
MIR1299	-0.964239375121279	11.5854501310762	2.50829124117179	0.113248668241854	1
MIR340	-0.964239375121279	11.5854501310762	2.50829124117179	0.113248668241854	1
MIR8064	-0.964239375121279	11.5854501310762	2.50829124117179	0.113248668241854	1
MIR4514	1.1429397755826	11.6111128976951	2.50077361497166	0.113790389326232	1
MIR2681	-0.941609465579468	11.5841860159157	2.47071442732148	0.115985194669605	1
MIR4804	-0.941609465579468	11.5841860159157	2.47071442732148	0.115985194669605	1
MIR4511	-0.940219101585844	11.584108901571	2.46839980678931	0.116156126471555	1
MIR511	-0.940219101585844	11.584108901571	2.46839980678931	0.116156126471555	1
MIR6726	-0.938326094746835	11.5840243177727	2.46315022540311	0.116544833202251	1
MIR1185-2	-0.930174846519629	11.5835537386724	2.45165786021756	0.117400814098555	1
MIR152	1.10696227929595	11.6081273639887	2.44929887605808	0.117577375226878	1
MIR4786	1.45600612026067	11.8576054237783	2.42207875395276	0.119636079316578	1
MIR6760	-1.5854510951824	11.736410609934	2.40023774761048	0.121316811643142	1
MIR2467	1.07133763321353	11.6052982392207	2.39270802328526	0.121902296965006	1
MIR769	1.06705853488403	11.6049456152913	2.38694568116584	0.1223524725468	1
MIR1278	-0.884257113849184	11.5810598776223	2.37464645688138	0.123319513825109	1
MIR4642	1.04400169641487	11.6031361409068	2.35085039796602	0.125214683788087	1
MIR377	1.04264873274082	11.6030773562376	2.34577655287617	0.125622946504843	1
MIR1238	1.03709852026509	11.6025996121922	2.33997121689142	0.126091883758539	1
MIR6719	1.02324687481688	11.6015262004129	2.31831331877851	0.127858599440963	1
MIR567	1.01915790990135	11.6012111746975	2.31189774843574	0.128387217033609	1
MIR7974	1.0172573385924	11.6010657271472	2.30886783531255	0.128637715530007	1
MIR5693	1.01811772609586	11.6011972973258	2.30604526675762	0.128871561593027	1
MIR3178	1.01442875675801	11.6009079420528	2.30071429443881	0.129314518488635	1
MIR6504	-0.835597358760471	11.5784991128226	2.29214086772612	0.130030457497991	1
MIR6765	1.00524278214187	11.6001445092564	2.29005122338125	0.130205625855256	1
MIR5690	-1.17696261919517	12.0373350596773	2.28901571095671	0.130292527104216	1
MIR6876	1.00317657793776	11.599988803284	2.28667901757594	0.130488862493721	1
MIR3164	-1.31538043009894	11.8877135396504	2.2581820746711	0.132910003297019	1
MIR3197	0.967821159004062	11.5973195728044	2.23110331054117	0.13525723291265	1
MIR1301	0.966542022297865	11.5972227476667	2.2291728987908	0.135426325996594	1
MIR4799	-0.781383539176107	11.5757501617239	2.199039605738	0.138096752933985	1
MIR409	-1.46640143821655	11.662902760986	2.17815500178166	0.139982183424007	1
MIR136	0.925183021346388	11.594175753206	2.16389886024264	0.141285798284283	1
MIR1468	1.09710916908189	11.6100617388411	2.14363370694205	0.143162438637789	1
MIR1537	0.893685473188342	11.5941176473567	1.89301712257229	0.168862012303681	1
MIR4637	1.46104083995278	11.7124367831588	1.87993825193062	0.170341165973791	1
MIR593	-1.00475192839693	12.1092246272532	1.87396682136691	0.171021445206253	1
MIR3942	-1.27597497384018	11.8245047970838	1.85940763815657	0.172693182877524	1
MIR6865	0.843516549508769	11.590426201762	1.82874189065863	0.176276219383369	1
MIR302D	0.83465656328371	11.5897861995311	1.81728206492566	0.17763714089612	1
MIR4273	0.83465656328371	11.5897861995311	1.81728206492566	0.17763714089612	1
MIR6076	0.831198446201376	11.5895374068522	1.81280015984931	0.178172689129113	1
MIR6754	0.831198446201376	11.5895374068522	1.81280015984931	0.178172689129113	1
MIR655	0.820664977172502	11.5887830989631	1.79911661498094	0.179819328518493	1
MIR3186	0.813845651377931	11.5882976171008	1.79023234790682	0.180897856217299	1
MIR3679	0.813845651377931	11.5882976171008	1.79023234790682	0.180897856217299	1
MIR4769	0.813845651377931	11.5882976171008	1.79023234790682	0.180897856217299	1
MIR6512	0.813845651377931	11.5882976171008	1.79023234790682	0.180897856217299	1
MIR3155A	1.3597947221129	11.8154913089136	1.76833606077473	0.183588138739484	1
MIR1295A	0.79444549681707	11.5869581575658	1.76340035874192	0.184200950070226	1
MIR4688	-1.40283150039427	11.7073874904176	1.76237836348743	0.184328136234639	1
MIR4673	0.79270203120943	11.5868336401746	1.76122926980879	0.18447126136945	1
MIR8067	0.790330216864358	11.5866410485264	1.75943922287311	0.184694477325342	1
MIR345	0.786805924159276	11.5864308186874	1.75302363212237	0.185497070785421	1
MIR5190	-1.2057184101968	11.8635424664843	1.7488132583425	0.186025991894713	1
MIR6819	0.725323325412859	12.9073587646115	1.74408842542656	0.186621628901143	1
MIR5696	0.777115435007753	11.5857254376692	1.74186747054601	0.186902379746673	1
MIR770	0.973603088519999	12.1441832579215	1.72411083876753	0.189164748615169	1
MIR2278	0.756973379745848	11.5843391798765	1.71532859063543	0.190295470119154	1
MIR569	0.753857786879005	11.5841271265711	1.71118201332447	0.190832082114747	1
MIR5088	0.749096673608425	11.5838040634079	1.70483643579003	0.19165668947522	1
MIR544A	0.749096673608425	11.5838040634079	1.70483643579003	0.19165668947522	1
MIR6515	0.751066844244685	11.5840552203594	1.70134894836909	0.192111658542227	1
MIR3174	-1.34751935142936	11.7315211542454	1.69585671287975	0.192830721331525	1
MIR582	0.741937490336035	11.5833205395466	1.69527417002334	0.192907174117534	1
MIR5091	1.35846189776618	11.6847818072941	1.69189290677833	0.193351630259224	1
MIR6081	-1.14588897353615	11.8842576253698	1.68538939868036	0.194209864660456	1
MIR4296	0.726759013132201	11.5823044615466	1.67491786804818	0.195601119293062	1
MIR6814	-0.764543695797332	12.5923690064938	1.66964259549442	0.196306412683395	1
MIR1273H	0.717723954062188	11.5817070129849	1.66266699940664	0.197243615364348	1
MIR487B	0.713737239563463	11.581442686389	1.65736224093199	0.197959845432399	1
MIR6131	0.708663244973652	11.5811094003093	1.6504981980643	0.198891137239853	1
MIR30C2	1.13577838844488	11.8978437255965	1.63397993580514	0.201153450086189	1
MIR645	-1.20024345652468	11.8245487026273	1.62820676788328	0.20195125724958	1
MIR429	0.859530274693748	12.3244657883625	1.62729319364873	0.202077847032317	1
MIR1237	0.682170074058405	11.5793923407742	1.61443906466134	0.203868927349843	1
MIR412	0.682170074058405	11.5793923407742	1.61443906466134	0.203868927349843	1
MIR4312	0.682170074058405	11.5793923407742	1.61443906466134	0.203868927349843	1
MIR379	-0.742306865217376	11.5768203776117	1.61019875990093	0.204463864838567	1
MIR603	-0.742306865217376	11.5768203776117	1.61019875990093	0.204463864838567	1
MIR4695	0.675647544684762	11.578976388448	1.60546002332244	0.205131158932494	1
MIR598	0.669109660683995	11.5785603487841	1.59652317141305	0.206396624778416	1
MIR6757	0.685365483725827	12.9309536000665	1.58685399800483	0.207776186179326	1
MIR4767	0.738391344345263	12.6903242689342	1.57605537796567	0.209329800640214	1
MIR4480	-1.29041658783973	11.7101585267718	1.57485649783457	0.209503131866796	1
MIR579	1.2953427603303	11.7021112601032	1.5518628795351	0.212860639999697	1
MIR454	-0.626694129262183	11.5707047289883	1.49680071028815	0.221164281839041	1
MIR4292	0.783522122850116	12.4268554334295	1.4831854640348	0.223276791235312	1
MIR744	1.27443287875111	11.7466063796447	1.47460069970725	0.224621207455683	1
MIR1228	-0.603396463148664	11.5695463927975	1.47218660460111	0.225001013416494	1
MIR4689	-0.603396463148664	11.5695463927975	1.47218660460111	0.225001013416494	1
MIR3146	-0.602928727368276	11.5695234086479	1.47168596413824	0.225079874839399	1
MIR5093	-0.602928727368276	11.5695234086479	1.47168596413824	0.225079874839399	1
MIR30C1	-1.25620519534225	11.6945134456127	1.47138231541181	0.225127722067346	1
MIR4705	-0.599709755470508	11.5693655234546	1.46823352609922	0.225624610412559	1
MIR874	-0.599709755470508	11.5693655234546	1.46823352609922	0.225624610412559	1
MIR23A	0.700290443035818	12.7027417149318	1.44318215333922	0.22962509224723	1
MIR3918	-1.15719169436635	11.6471555115045	1.44049828119081	0.230058724744369	1
MIR548A3	-0.573864358904312	11.5681165454715	1.44006200666371	0.230129306682464	1
MIR325	-0.566457034153872	11.5677647880436	1.43183671929635	0.231464918700896	1
MIR602	-0.566457034153872	11.5677647880436	1.43183671929635	0.231464918700896	1
MIR4284	-0.56088409323291	11.5675019833717	1.42560288783661	0.232483392138276	1
MIR7150	-0.56088409323291	11.5675019833717	1.42560288783661	0.232483392138276	1
MIR3065	1.23335064798093	11.6861274479882	1.42521169455064	0.232547484859698	1
MIR1273C	-0.547206009614697	11.5668637142766	1.41013429999924	0.23503409995847	1
MIR4795	-0.547206009614697	11.5668637142766	1.41013429999924	0.23503409995847	1
MIR562	-0.546364898932128	11.5668247797067	1.40917517080728	0.235193367830577	1
MIR885	-0.546364898932128	11.5668247797067	1.40917517080728	0.235193367830577	1
MIR483	1.12727158748109	11.832959491203	1.38873770163575	0.23861838728519	1
MIR1256	-0.516055403467293	11.5654463442006	1.37398196095309	0.241128904202857	1
MIR191	-0.516055403467293	11.5654463442006	1.37398196095309	0.241128904202857	1
MIR3128	-0.516055403467293	11.5654463442006	1.37398196095309	0.241128904202857	1
MIR3619	-0.516055403467293	11.5654463442006	1.37398196095309	0.241128904202857	1
MIR4735	-0.516055403467293	11.5654463442006	1.37398196095309	0.241128904202857	1
MIR5687	-0.516055403467293	11.5654463442006	1.37398196095309	0.241128904202857	1
MIR6736	-0.516055403467293	11.5654463442006	1.37398196095309	0.241128904202857	1
MIR6796	-0.516055403467293	11.5654463442006	1.37398196095309	0.241128904202857	1
MIR7-2	-0.516055403467293	11.5654463442006	1.37398196095309	0.241128904202857	1
MIR941-4	-0.516055403467293	11.5654463442006	1.37398196095309	0.241128904202857	1
MIR3173	-0.51244885326425	11.5652855289129	1.36971051368955	0.24186162767741	1
MIR4654	-1.21007408633124	11.6492719962432	1.36488027288559	0.242693475108918	1
MIR342	1.19548030799975	11.6818716008195	1.36420961345215	0.242809249104025	1
MIR98	-1.18637596224702	11.7602062308193	1.36311480826179	0.242998386779021	1
MIR6792	-1.06237838433962	11.8423793116442	1.34791415343228	0.245643098543554	1
MIR6762	-1.09352818145686	11.6420260525241	1.34663529588169	0.2458672012998	1
MIR138-1	-0.482881944851776	11.5639931278198	1.33398807851286	0.248096971840382	1
MIR4472-2	-0.482881944851776	11.5639931278198	1.33398807851286	0.248096971840382	1
MIR4513	-0.482881944851776	11.5639931278198	1.33398807851286	0.248096971840382	1
MIR3188	-1.07858848530382	11.6377679392124	1.33098856295928	0.248629427547814	1
MIR6813	1.06225779966282	11.8607198575444	1.32744613690349	0.249260061309023	1
MIR134	-0.449892587545607	11.5626062416973	1.29256510083744	0.255575772869882	1
MIR3170	-0.442983538031964	11.5623231916722	1.28366762950342	0.257218213807985	1
MIR4731	-0.442983538031964	11.5623231916722	1.28366762950342	0.257218213807985	1
MIR3153	0.718036943820377	12.4658902205965	1.27835976423157	0.25820423225364	1
MIR3945	0.884589404031118	12.040698156784	1.26456973360047	0.260787871556443	1
MIR99B	-1.13417674977741	11.6759164734905	1.25581060822619	0.26244557751853	1
MIR6867	-1.03077521451858	11.642207078096	1.23755903483642	0.265942006433563	1
MIR938	-1.11763911971325	11.7142963451928	1.19312977642749	0.274699151188909	1
MIR421	0.786908479982584	12.1849312483658	1.19306463928747	0.274712252750729	1
MIR4489	0.878808528362356	12.0131164193438	1.18995955791566	0.275337714085861	1
MIR3124	1.09617314687685	11.7553282754619	1.1586534581979	0.281744976474687	1
MIR4690	0.928860826809111	11.9061733153033	1.12572026029445	0.288690059590026	1
MIR644A	1.08496783289914	11.6657551768979	1.10949588274303	0.292191558681373	1
MIR4499	-1.08952289330763	11.6751490899364	1.0931924531111	0.295764945440032	1
MIR6772	0.527841419356026	13.2491415686599	1.09211448524539	0.296003181774292	1
MIR324	0.535317987854088	13.1949442035711	1.09182528311534	0.296067138758507	1
MIR548AT	1.1306354474387	11.7181759651056	1.07923847003481	0.29886797790642	1
MIR374B	0.878077958714261	11.9494804879629	1.07454752441639	0.299920522213091	1
MIR154	0.507783591939944	11.5718787168068	1.03979665973196	0.307868768186835	1
MIR494	0.507783591939944	11.5718787168068	1.03979665973196	0.307868768186835	1
MIR4424	0.491950413415785	11.5708469996513	1.02699995570131	0.310864334807657	1
MIR576	0.491950413415785	11.5708469996513	1.02699995570131	0.310864334807657	1
MIR654	0.491950413415785	11.5708469996513	1.02699995570131	0.310864334807657	1
MIR6885	0.478928359324692	11.5700147257609	1.01622993601943	0.313414951146588	1
MIR3665	0.473808409518264	11.5696915399197	1.01193322193252	0.31444014395162	1
MIR4783	0.473808409518264	11.5696915399197	1.01193322193252	0.31444014395162	1
MIR1266	0.471808238212976	11.5695659051951	1.01024497003483	0.314844158931219	1
MIR4682	0.471808238212976	11.5695659051951	1.01024497003483	0.314844158931219	1
MIR4755	0.471808238212976	11.5695659051951	1.01024497003483	0.314844158931219	1
MIR5194	0.471808238212976	11.5695659051951	1.01024497003483	0.314844158931219	1
MIR6871	0.471808238212976	11.5695659051951	1.01024497003483	0.314844158931219	1
MIR6888	0.471808238212976	11.5695659051951	1.01024497003483	0.314844158931219	1
MIR185	0.465709581148989	11.5691849966463	1.00506342287252	0.31608840178513	1
MIR3115	0.465709581148989	11.5691849966463	1.00506342287252	0.31608840178513	1
MIR1200	0.461756561291824	11.568939840137	1.00167727272057	0.316904997043658	1
MIR3194	-0.930160834930746	11.6265923093017	0.988465557777131	0.320117694963695	1
MIR3671	-0.774690827291643	12.0021327220127	0.985814679495078	0.320767459332949	1
MIR4699	0.438362323316562	11.5675171014768	0.981181117081727	0.321907381255159	1
MIR6745	-1.06279447868319	11.7160499578965	0.980757589064059	0.322011841179769	1
MIR4748	0.437879469494682	11.5674882441209	0.980749650104125	0.32201379968968	1
MIR203A	-0.811626779646166	11.9566659339927	0.978860433171022	0.322480308874284	1
MIR4782	0.432675057027786	11.5671785127269	0.97607690426242	0.323169278334354	1
MIR4253	0.428657432585297	11.5669410464003	0.972441666222163	0.324071988429049	1
MIR5192	0.428657432585297	11.5669410464003	0.972441666222163	0.324071988429049	1
MIR1271	0.426838096178231	11.5668339813827	0.970787369528196	0.324483889703149	1
MIR181D	0.426838096178231	11.5668339813827	0.970787369528196	0.324483889703149	1
MIR6735	0.426838096178231	11.5668339813827	0.970787369528196	0.324483889703149	1
MIR4310	0.424056780398969	11.566670870656	0.968248495481354	0.325117387832891	1
MIR661	0.424056780398969	11.566670870656	0.968248495481354	0.325117387832891	1
MIR1270	0.420640977601654	11.566471485578	0.965114000156301	0.325901763583068	1
MIR147A	0.420640977601654	11.566471485578	0.965114000156301	0.325901763583068	1
MIR212	0.420640977601654	11.566471485578	0.965114000156301	0.325901763583068	1
MIR1285-2	0.41987218009186	11.566426751975	0.964406001332184	0.326079279785911	1
MIR4710	0.41987218009186	11.566426751975	0.964406001332184	0.326079279785911	1
MIR542	0.41987218009186	11.566426751975	0.964406001332184	0.326079279785911	1
MIR337	0.419028309967276	11.5663777103029	0.963627797627129	0.326274546151801	1
MIR646	0.419028309967276	11.5663777103029	0.963627797627129	0.326274546151801	1
MIR323A	0.41099125007403	11.5659137896484	0.956159536937774	0.328156380147378	1
MIR6715A	0.41099125007403	11.5659137896484	0.956159536937774	0.328156380147378	1
MIR4772	0.994945327423579	11.7808674001376	0.953906802317313	0.328726844091468	1
MIR378B	0.403363230384633	11.5654787612918	0.948975025174872	0.329980333112381	1
MIR4445	0.403363230384633	11.5654787612918	0.948975025174872	0.329980333112381	1
MIR580	0.403363230384633	11.5654787612918	0.948975025174872	0.329980333112381	1
MIR127	0.400388872218607	11.5653105263236	0.946147692957054	0.33070181118324	1
MIR431	0.400388872218607	11.5653105263236	0.946147692957054	0.33070181118324	1
MIR4768	0.400388872218607	11.5653105263236	0.946147692957054	0.33070181118324	1
MIR6075	0.400388872218607	11.5653105263236	0.946147692957054	0.33070181118324	1
MIR6129	0.400388872218607	11.5653105263236	0.946147692957054	0.33070181118324	1
MIR378H	0.968919273379454	11.6542524902394	0.941185875870918	0.331973051230273	1
MIR616	-0.501065068864351	13.0307020920718	0.931548567837289	0.33446085373937	1
MIR329-2	0.384842085720807	11.5644438895254	0.931126252010427	0.334570440112986	1
MIR6133	0.384842085720807	11.5644438895254	0.931126252010427	0.334570440112986	1
MIR7856	0.384842085720807	11.5644438895254	0.931126252010427	0.334570440112986	1
MIR4999	0.958958741974834	11.7809982502456	0.930179740846693	0.334816223889432	1
MIR4271	-0.859304579155579	11.6207166556758	0.898611150026284	0.343154386005356	1
MIR657	-0.848621175590575	11.6166231276436	0.896875928726677	0.343620772916347	1
MIR4659A	-0.858271794425305	11.6211384195773	0.895941998812862	0.343872145871532	1
MIR1302-5	0.958944728635269	11.7659695155401	0.894425554669919	0.344280835642267	1
MIR1285-1	-0.757008429188939	11.9685043762486	0.891465572582096	0.34508046046766	1
MIR4519	1.02305373835071	11.6958624416669	0.882676934105543	0.347469535597091	1
MIR1229	-0.731617285956387	12.0254812165154	0.875175994670627	0.349526348648785	1
MIR6761	0.838740979803274	11.8856029161536	0.862899587342621	0.352928532861461	1
MIR328	0.75823524433217	11.9510688994037	0.819471176776283	0.365334826677059	1
MIR5000	0.875828169492245	11.6453936305898	0.81911175107996	0.365439996973311	1
MIR210	-0.807329197764816	11.6226931244521	0.817897616627009	0.365795571207548	1
MIR7111	0.602519933289695	12.3203507829751	0.810282891211443	0.368036627043609	1
MIR6892	-0.50652669868	12.6912961982925	0.798575696707822	0.371519554231014	1
MIR544B	0.875217067795658	11.6577690133294	0.796500017513162	0.372141871223432	1
MIR3176	0.520600755317635	12.6803470796067	0.787468665001903	0.374866644764323	1
MIR6776	0.566282622543583	12.4254188330355	0.786368792420916	0.375200386342769	1
MIR4641	0.812603640350254	11.8545990329062	0.775416407004837	0.378546641544756	1
MIR7848	0.838327266255629	11.8136755104078	0.771828294971954	0.379652048258444	1
MIR3646	-0.451713100710813	13.0189365202202	0.755946771676932	0.384599954201583	1
MIR4667	-0.907307277387438	11.7260707362535	0.737379974902208	0.390501460343818	1
MIR548L	-0.72459725789817	11.6101709993693	0.732741534797303	0.391995991208692	1
MIR4257	0.497915888593741	12.6625420090124	0.723524979356874	0.394990080571451	1
MIR6165	-0.753678098560114	11.8548478507168	0.719701161772512	0.396241950996802	1
MIR4304	-0.845888414089248	11.6206723300247	0.70450808075903	0.401273047165639	1
MIR148B	0.82678919777699	11.6422837633781	0.700105345841591	0.402748298783461	1
MIR558	-0.717001824601973	11.6214843342397	0.700022783870585	0.402776038642229	1
MIR6781	0.900895712938035	11.6998935066453	0.697316519374356	0.403686854347814	1
MIR1276	0.661867015331191	12.0260682366105	0.692485412924178	0.405320284066746	1
MIR5581	0.492129360195184	12.5608996487921	0.663751243719993	0.415238728624802	1
MIR6747	0.789430987503881	11.6389465516978	0.656590862760265	0.41776608313564	1
MIR450A2	0.795861555518311	11.6461808908611	0.654061827340449	0.41866420273811	1
MIR3192	0.695368172796056	11.9152006429258	0.648769051753249	0.420553119709608	1
MIR6782	-0.669699353433424	11.6150853795878	0.641164387753975	0.423289469791418	1
MIR7106	-0.507603350198525	12.375562445824	0.631766148038764	0.426708218400909	1
MIR6826	0.74918582709148	11.6262969436065	0.628862545308984	0.427772846909608	1
MIR8075	0.803476143596828	11.7567323485358	0.607763148036168	0.435631269613802	1
MIR3613	0.631755077854895	11.985779535603	0.603232116550664	0.437347477687114	1
MIR548S	0.723974639844423	11.6241622865709	0.601753889926036	0.437909619012313	1
MIR6503	-0.823382263709038	11.6908483013734	0.583179836622385	0.445068618737822	1
MIR101-2	-0.363008840710742	14.0735697061209	0.57355465294232	0.448849839406057	1
MIR3685	0.505364681211223	12.3114112397282	0.565162353550271	0.452187697641471	1
MIR6893	0.795669212473673	11.6732038255312	0.560802335323659	0.453937150022245	1
MIR548V	0.518122579759567	12.2476851129925	0.551374412170496	0.457756653286364	1
MIR1249	0.381442019964128	13.1038744802223	0.542087979115145	0.461568686122789	1
MIRLET7F1	0.565483409922891	12.059893761322	0.540956689889651	0.462036513394975	1
MIR1273G	-0.714495760887493	11.6645184069215	0.512389243961113	0.474106395818689	1
MIR4686	0.495901586183382	12.209860747138	0.494564862634249	0.481898059452496	1
MIRLET7I	0.498841150760481	12.201603701037	0.492666868638551	0.48274008119246	1
MIR6864	-0.571302654543884	11.945331711921	0.471791021850365	0.49216436664434	1
MIR6514	0.62874618063593	11.6363973441952	0.469430297324831	0.493249375206475	1
MIR4701	-0.557720670781031	11.955226328756	0.468008501038391	0.493904780622589	1
MIR1250	-0.66235091747799	11.6455583508599	0.467759349783528	0.494019782355366	1
MIR6774	0.485550374708156	12.188508231315	0.459066289448636	0.498060667587368	1
MIR5591	-0.596973784867731	11.6071737973908	0.458105345180401	0.498510776273456	1
MIR3609	0.399640156097685	12.6366985091439	0.455655806180879	0.499661267355445	1
MIR6746	-0.379192359795981	12.685249402825	0.450124383081494	0.502275892741093	1
MIR4326	-0.436464220930764	12.3188078867592	0.448538520559644	0.503029805925131	1
MIR4633	0.599595027439664	11.6259891605609	0.447767276400826	0.503397150591319	1
MIR3074	0.637423427367251	11.8104732250799	0.438907930108634	0.507650022458836	1
MIR554	-0.695834979791387	11.6508542417872	0.431591303379552	0.511209151246131	1
MIR5589	-0.668186612756674	11.6860405809447	0.428087261091255	0.512928995640235	1
MIR1225	-0.69325387094199	11.7221834348656	0.419122238626336	0.517375355349027	1
MIR146B	0.380862301028473	16.4630152386122	0.413467679706443	0.520214674850097	1
MIR4802	-0.603879982333283	11.6397307567871	0.408337563280805	0.522814500802325	1
MIR4324	-0.489457494940745	12.0795310551699	0.400051834805964	0.527062488432209	1
MIR3136	-0.46624469739604	12.1013281950418	0.395939684265041	0.529193658350026	1
MIR601	0.587057180572695	11.6228836862688	0.378652189338776	0.538325445856197	1
MIR30B	0.684789384842025	11.7184275052784	0.378544103704083	0.538383439081089	1
MIR4663	0.600390757599188	11.6354022804856	0.373896238165253	0.540888106692018	1
MIR6749	-0.433931875035754	12.1812425648321	0.37358464942427	0.54105678144381	1
MIR6895	-0.465200297622461	12.0200226521635	0.371620184708888	0.542122450526478	1
MIR6854	0.684702926204452	11.7237143304626	0.371265777462462	0.542315118166764	1
MIR6835	-0.378985878870437	12.4217609578967	0.368792535870718	0.543663176257425	1
MIR125B2	0.49859845755067	11.9720375439703	0.368592887838254	0.54377226557476	1
MIR1290	0.619781371602572	11.7485687223263	0.359263361221977	0.548915630672957	1
MIR3162	0.630657683993156	11.6652945135368	0.353947326539913	0.551887104726369	1
MIR6729	0.581363966291595	11.7837040589774	0.351664587584404	0.553172356602531	1
MIR4479	-0.47846254029402	11.6032598233322	0.349542840483935	0.554372031112769	1
MIR4263	0.482233545449116	11.9833710150428	0.347098551097169	0.55576018310507	1
MIR1254-1	0.354853868721109	12.5371752701936	0.340281942406197	0.559666524622116	1
MIR6807	0.429173395676476	12.1146958613125	0.335020037566736	0.56271795330479	1
MIRLET7C	-0.625727545491449	11.6860791938433	0.330385786249598	0.56543201141449	1
MIR27A	-0.318426631301249	12.7681990012142	0.327458852635395	0.567159252822546	1
MIR6775	0.396678221710519	12.2343225584296	0.324666034297518	0.568816930355183	1
MIR3149	-0.517127558283422	11.6388000837827	0.32263639127947	0.570027561396285	1
MIR648	-0.5767070935533	11.6720438579907	0.321870007336445	0.57048600038598	1
MIR3177	-0.58005002417503	11.637372777556	0.320732483185395	0.571167781585204	1
MIR6804	0.424416262542288	12.0850655009533	0.314990240950941	0.574633996639872	1
MIR6812	0.311791665101345	12.7679097648291	0.308468771949038	0.578621331491815	1
MIR7845	-0.545189949121397	11.7814317685074	0.30840060946516	0.578663297544658	1
MIR4653	-0.560232265034731	11.7401697513114	0.302282441172846	0.582455060743743	1
MIR1303	-0.542156423951706	11.6474220692442	0.293944011777295	0.587704129700638	1
MIR411	-0.411271196695275	11.6016154250265	0.293021293140257	0.588290888156007	1
MIR3161	-0.530844424591005	11.6343932071536	0.291755382429724	0.589097829760279	1
MIR455	0.577955828122406	11.7480355013978	0.290643943325241	0.589808171513744	1
MIR3145	0.483080403345129	11.8673179162525	0.287581812507458	0.591774345212533	1
MIR26B	-0.422261871370368	12.0021494173564	0.287138626685877	0.592060027398871	1
MIR331	0.35596338238943	12.307595097261	0.280920438316855	0.596098562601728	1
MIR4648	-0.391226383337931	11.5997511736317	0.277172199367103	0.598560675798215	1
MIR3198-1	0.527598273116601	11.7449436223194	0.268875564401355	0.604087052350527	1
MIRLET7G	-0.515090660609154	11.7637579468869	0.266186053361141	0.605901751216515	1
MIR6752	-0.510529918147705	11.7707548584612	0.254622930740627	0.61383857723355	1
MIR2116	0.551907007099351	11.6518109444379	0.247787742232878	0.618637121757683	1
MIR6821	-0.23947633987574	13.7316509627625	0.244245341489108	0.621156579742453	1
MIR765	0.448772858210732	11.8842228263936	0.242752090369766	0.622225437973794	1
MIR3189	0.348298586970779	12.1881145005448	0.242223554529801	0.622604739033198	1
MIR3138	0.367852326953816	12.0772463185284	0.238095020567663	0.625585389411709	1
MIR410	-0.429509182320311	11.8606885952428	0.236144789002541	0.627004523357462	1
MIR7854	-0.461775808389252	11.6310505221689	0.233879532382172	0.628662015757988	1
MIR4450	-0.358166829446	12.0784816877671	0.231825453957811	0.630173573016929	1
MIR4728	0.497548537876133	11.6776005914153	0.230631335017309	0.631056097753523	1
MIR6777	-0.245889311970482	13.1217122987736	0.230473903048164	0.63117265897924	1
MIR6802	0.474334057430735	11.7680805432659	0.226277545097961	0.634297815870868	1
MIR1284	0.402314054773599	11.6196515475799	0.225561689122687	0.63483447816903	1
MIR103A2	0.479080626224755	11.6648386279777	0.221607842395986	0.637817544590483	1
MIR6851	0.331776983386409	12.1966711418059	0.221396955611482	0.637977563605629	1
MIR4520-1	0.398552159587206	11.6223576103871	0.220840065215487	0.6384005750038	1
MIR23B	0.232828351156134	13.297169439283	0.219065387223047	0.639752970932229	1
MIR4512	0.391312423547743	11.9057361642207	0.206557406909418	0.649479159047899	1
MIR4742	0.486367160864991	11.7127833699759	0.204225710752821	0.651331378880346	1
MIR25	-0.223380336980681	13.2879699356144	0.202164244330131	0.652979572479686	1
MIR6080	-0.363475511286205	11.9642053058245	0.201566166394393	0.653459640500602	1
MIR130A	0.471910822640897	11.6427694479647	0.20112307940267	0.653815851802001	1
MIR623	-0.483870197445088	11.7055803633251	0.200654063275769	0.654193422178146	1
MIR320B2	0.483745037129881	11.7222980463059	0.200564405754118	0.654265659160695	1
MIRLET7D	0.226401417007707	13.2081883016393	0.199677432533125	0.654981339241238	1
MIR548AR	0.271679618747938	12.4877155200552	0.191444313566471	0.661717236754506	1
MIR1302-3	0.346674275968031	11.619663109335	0.187327278843771	0.665150472225967	1
MIR222	0.26684619964783	12.4935840149062	0.186659351411926	0.665711677081552	1
MIR4737	0.261303952112942	12.4590237317568	0.17542493455209	0.675334824026666	1
MIR3936	0.251512032772187	12.5657282327742	0.174293619229854	0.676323786532122	1
MIR6880	0.405695030023058	11.6034235114756	0.170148463226131	0.679979897423606	1
MIR619	0.319783509351472	11.6311411972111	0.170076278361671	0.680044025591615	1
MIR6784	-0.411363078845903	11.6649633751511	0.166608047073829	0.68314410695303	1
MIR135A1	0.262062153334284	12.4187892008954	0.165716932691076	0.683946700630901	1
MIR106B	0.368242005613471	11.8586290103275	0.165663585001894	0.683994828652426	1
MIR6750	-0.248983970322289	12.4697215297505	0.164552255673584	0.684999483413427	1
MIR4530	-0.342322777680716	11.9034677032336	0.162965575504003	0.686440731058768	1
MIR4632	-0.359166247048876	11.6588282105042	0.161806721178603	0.687498530880537	1
MIR3131	-0.383699217013657	11.8251395752713	0.159172943637479	0.689919111475637	1
MIR3682	-0.274500797845323	12.2026072995264	0.154321987379131	0.69443886076762	1
MIR635	-0.205601052853055	13.0184236128666	0.151893543835655	0.696732348009484	1
MIR624	-0.387108514263088	11.7645578147088	0.151405908557052	0.697195426068398	1
MIR6124	-0.394134812190993	11.7292774738551	0.146701940757771	0.701707238235788	1
MIR6126	0.211311997034281	12.8036844839618	0.144722333229893	0.703630786448944	1
MIR574	-0.397703848182343	11.7077721214908	0.142360599737618	0.705945443655012	1
MIR581	-0.320145043175377	11.6385149407019	0.137218274012339	0.711062235843987	1
MIR621	0.177936259585832	18.3340161940891	0.135035084241039	0.713267569093486	1
MIR4502	0.37918236210759	11.6501861712355	0.134106124358523	0.714212088742271	1
MIR186	0.240553872634646	12.3057866998923	0.131094028736996	0.717300398516372	1
MIR4482	-0.326830034957643	11.8420046707845	0.125081094998816	0.723587663667196	1
MIR148A	-0.332718395538428	11.7993914212737	0.123385326269503	0.725391444160187	1
MIR365A	-0.374493964755416	11.7222125461689	0.121005702229402	0.727946273853042	1
MIR6509	-0.349913157398163	11.7393322408276	0.117589507008244	0.731663712477591	1
MIR6853	0.318601159816417	11.6054608926065	0.11511721488403	0.734391818247767	1
MIR4451	0.373448067238106	11.6684699783634	0.113804409996712	0.735853756124977	1
MIR6798	0.315143042734084	11.6052141616481	0.113481934542417	0.736214299792099	1
MIR1260B	-0.370616584950689	11.6947531568727	0.109367651115159	0.740865207542501	1
MIR33B	0.177011825679919	12.8220632977377	0.101350094349947	0.750215444356932	1
MIR6728	-0.198378089043908	12.4140570887228	0.101094804377901	0.750519760728709	1
MIR193B	-0.357464779496569	11.5916731958106	0.101008866179878	0.750622297842647	1
MIR608	-0.343907288863031	11.6593283011758	0.0989982416283617	0.753035111067991	1
MIR3653	0.274274813397065	11.602342398442	0.0947570460592697	0.758214489517895	1
MIR140	-0.330834374663479	11.6554256014605	0.0932124725374273	0.760132210012541	1
MIR378A	-0.211061259815757	12.2015509728919	0.0912423620717604	0.762603651215003	1
MIR6829	0.270314352968466	11.6072255395913	0.0904047854345027	0.763663184162725	1
MIR1296	-0.325840601529024	11.6599939478788	0.0902413284862931	0.763870580357007	1
MIR3677	-0.312241462701324	11.7511632008279	0.0899774439375438	0.764205832938662	1
MIR1203	-0.322333643402986	11.6573879026641	0.0894669874929193	0.764855867274232	1
MIR3181	0.342839514220586	11.6421228561209	0.0865278598647556	0.768638561214164	1
MIR3664	-0.321665887615722	11.5936731721486	0.0838615112381094	0.772131050141452	1
MIR3127	-0.316667889552828	11.6964384148193	0.08300057119793	0.773271572618918	1
MIR556	0.302994723623593	11.7218196077574	0.0764412919136852	0.78217927790677	1
MIR4420	-0.201119226734664	11.9993019918063	0.0662970839688199	0.796806553570852	1
MIR6894	-0.180383095981524	12.1041640341678	0.0644426687724931	0.799607112641247	1
MIR6763	0.207230811184252	11.9965837781011	0.0635909179935261	0.800907812476907	1
MIR199A2	0.121556971033761	13.8605282710942	0.0624830122583759	0.802613625003617	1
MIR339	0.242333463253469	11.7072845124627	0.0577753054884642	0.810047353599427	1
MIR93	-0.161567799844027	12.2242882758568	0.0546618050294256	0.815141303841841	1
MIR4730	0.239624605741522	11.7364651354317	0.0520741789000585	0.819492568800646	1
MIR4669	0.193180856251833	11.8409224148533	0.0513297474700849	0.820765360176937	1
MIR6786	-0.139198691089114	11.6315365271501	0.0508299725273442	0.821625302232534	1
MIR4749	0.245732657624794	11.6959255885377	0.0499861114184252	0.823087442679301	1
MIR1282	0.107986439179182	16.5523761394527	0.0494716643650257	0.823985180221872	1
MIR4444-2	-0.219694353538574	11.6300348225637	0.0489967299300424	0.824818325102479	1
MIR3140	-0.199856033083952	11.5879624999907	0.0463092427876797	0.82961464640867	1
MIR6797	0.171947881670554	11.9469471934723	0.0445484491422299	0.832836523362157	1
MIR4639	0.147670381096021	11.6038049031459	0.0430969032817607	0.835542915619957	1
MIR6793	-0.209806887771532	11.6610335582297	0.0426321661518969	0.836419436178614	1
MIR4285	0.140784587682861	11.6028018306739	0.0421317977707627	0.837368746294669	1
MIR659	-0.20830475038305	11.6841042050498	0.0404403976006069	0.840621961379445	1
MIR6827	-0.161515272665796	11.9368013839063	0.0359553877239662	0.849607650854954	1
MIR200A	0.20322397323076	11.6298913541659	0.0356503112275668	0.85023946091839	1
MIR4258	0.132616564988191	12.1776252966124	0.0344675096833278	0.852715888384204	1
MIR320D1	-0.193834282078802	11.7678390268505	0.0344045017029746	0.852849032384843	1
MIR4746	-0.153992178812452	11.5849944482653	0.0342221754787255	0.853235023280941	1
MIR6799	-0.155315626652944	11.6134437174288	0.0311293211124468	0.859952183448636	1
MIR1273F	0.166772981306715	11.8518985840593	0.0309465113179641	0.860359773833953	1
MIR591	-0.14101191314105	11.5843855708936	0.0309293685079597	0.860398058802779	1
MIR103A1	0.100064883870018	11.6032096218366	0.0306454519368096	0.861033726298972	1
MIR6737	0.100064883870018	11.6032096218366	0.0306454519368096	0.861033726298972	1
MIR4766	0.211538994805615	11.6691604989708	0.0304893344672337	0.86138455499053	1
MIR548AM	-0.146947136918203	11.6146907104967	0.0286027447114776	0.865699532339917	1
MIR5188	-0.156998271233629	11.9158941071121	0.0284916729858971	0.865958075480781	1
MIR200B	0.163600467174975	11.8104767615069	0.0281087651725471	0.866853371416596	1
MIR4308	0.161986419568523	11.6339237668591	0.0230624748310451	0.879294721240219	1
MIR3657	-0.11877125317185	11.8103566556569	0.0219839027722166	0.882129930025734	1
MIR3190	-0.101923832421914	11.5845170970972	0.0216337386152103	0.883065623260196	1
MIR941-5	-0.104104935651238	11.6356211980457	0.0207391024585171	0.885491963463456	1
MIR6856	0.149673368078016	11.6446917266372	0.0194998976159209	0.888942827775973	1
MIR6730	-0.0882525722537036	12.4671714410567	0.0193553386153411	0.889352585860928	1
MIR4672	-0.115049055305093	11.9508132313166	0.0183918836768697	0.892124319182452	1
MIR6858	-0.109462438887901	11.9545234652458	0.0181093897061544	0.892950966869954	1
MIR5692C2	-0.0939268969848262	11.6175537319409	0.0159016261454745	0.899651461347938	1
MIR571	0.108745274023042	11.8698477428124	0.0156523247236144	0.900437059484549	1
MIR553	0.125643811753507	11.6343436361048	0.0155752336184261	0.900681273264957	1
MIR647	-0.0596717974486063	14.4157298026655	0.0152652751234434	0.901669427907113	1
MIR4427	-0.104769193583495	11.7708354224696	0.0144687603397244	0.904256467055343	1
MIR193A	-0.0729155992837206	12.4147620568325	0.0143860724951068	0.904529129315482	1
MIR3909	-0.0982391714481904	11.9647685776333	0.0139293746683116	0.906049614678413	1
MIR548K	-0.0630097647599159	11.5809111999865	0.0137553644798754	0.906635585317126	1
MIR7152	-0.0703227315051054	12.5279891363982	0.0136931664344004	0.906845944920582	1
MIR942	-0.0531005012929663	11.5897869599921	0.0129259779721389	0.909481581057833	1
MIR503	0.0905403840945647	11.937226266655	0.0126532396130159	0.910437578335695	1
MIR221	-0.0527240042088696	14.3732599597765	0.0119210961531806	0.913056731112666	1
MIR369	-0.0669666738533479	11.6130385770278	0.0105832452672541	0.918062258045614	1
MIR1291	-0.0624015918318013	11.6138771910017	0.0100834190783772	0.920013885882998	1
MIR4668	0.0960787447567809	11.6438791823431	0.00961695878162772	0.921879810828544	1
MIR541	0.108162094102135	11.6549353398575	0.00860264474686545	0.926101821673878	1
MIR4729	0.0794194609648942	11.8039721533182	0.00821685388071103	0.927773193416892	1
MIR6087	-0.110451663113854	15.2271736175447	0.00811841006024139	0.928205985042791	1
MIR548AA2	-0.0576153132678908	11.9931824931779	0.00810019250231875	0.928286364980147	1
MIR6889	0.0576031456617666	12.2212100470013	0.00733803642889796	0.931734840671656	1
MIR7851	0.168642998077964	11.6913705568929	0.0065359984116995	0.935564805285365	1
MIR3939	-0.0796087979767603	11.81479018728	0.00637460150700164	0.936363634287563	1
MIR7161	-0.0862110934704281	11.7053675196611	0.00551417263881682	0.94080551335803	1
MIR573	-0.0479521766197528	12.3094367081358	0.0049466644266758	0.943928993388599	1
MIR6769A	0.0598219577807011	11.9305008954942	0.00421202845923929	0.948253507365095	1
MIR4685	0.045762137514789	12.066134738916	0.00353539443149486	0.95258637525253	1
MIR4459	0.0478817303090637	11.5983772729139	0.00307555664451353	0.955773827453328	1
MIR6877	0.0670200607847651	11.6764366150225	0.00302877200736518	0.956111153441805	1
MIR597	-0.0850668836139523	11.6347786459999	0.00206866907727843	0.963722624679868	1
MIR6817	0.0308248714863	11.5824994903425	0.00204616414135561	0.963920358788077	1
MIR6723	-0.0257012648480898	14.0210601138391	0.00178474608478041	0.966302389075367	1
MIR656	-0.0310570307895635	12.1115310533523	0.00177250777365145	0.96641805449648	1
MIR643	0.0420578258701778	11.5839263715185	0.00150036635006767	0.969102017001854	1
MIR6739	0.0244679569159192	12.1558341051122	0.00117311017851307	0.972677240646818	1
MIR6810	0.0367986894521982	11.84009916648	0.00111018981975164	0.973419794791949	1
MIR27B	0.0127386578303748	14.4234649749157	0.000696418843734392	0.978946470546134	1
MIR6753	0.00960019908488018	13.591101515743	0.000385126043543238	0.984342816917438	1
MIR491	-0.018112520961116	11.6783583152442	0.000155019199722162	0.99006605877319	1
MIR320E	0.00476744525679498	12.2041630588787	0.000122309530809162	0.991176084133307	1
MIR4524B	0.0197901291844076	11.6943769155477	9.99232093228386e-05	0.992024351310728	1
MIR1-1	0	11.5493265055518	0	1	1
MIR100	0	11.5493265055518	0	1	1
MIR105-1	0	11.5493265055518	0	1	1
MIR105-2	0	11.5493265055518	0	1	1
MIR10B	0	11.5493265055518	0	1	1
MIR1179	0	11.5493265055518	0	1	1
MIR1180	0	11.5493265055518	0	1	1
MIR1183	0	11.5493265055518	0	1	1
MIR1184-1	0	11.5493265055518	0	1	1
MIR1184-2	0	11.5493265055518	0	1	1
MIR1184-3	0	11.5493265055518	0	1	1
MIR1185-1	0	11.5493265055518	0	1	1
MIR1193	0	11.5493265055518	0	1	1
MIR1197	0	11.5493265055518	0	1	1
MIR1202	0	11.5493265055518	0	1	1
MIR1205	0	11.5493265055518	0	1	1
MIR1207	0	11.5493265055518	0	1	1
MIR1208	0	11.5493265055518	0	1	1
MIR1224	0	11.5493265055518	0	1	1
MIR1231	0	11.5493265055518	0	1	1
MIR1233-1	0	11.5493265055518	0	1	1
MIR1233-2	0	11.5493265055518	0	1	1
MIR124-2	0	11.5493265055518	0	1	1
MIR124-3	0	11.5493265055518	0	1	1
MIR1245A	0	11.5493265055518	0	1	1
MIR1251	0	11.5493265055518	0	1	1
MIR1252	0	11.5493265055518	0	1	1
MIR1253	0	11.5493265055518	0	1	1
MIR1254-2	0	11.5493265055518	0	1	1
MIR1255B2	0	11.5493265055518	0	1	1
MIR1258	0	11.5493265055518	0	1	1
MIR125A	0	11.5493265055518	0	1	1
MIR1260A	0	11.5493265055518	0	1	1
MIR1261	0	11.5493265055518	0	1	1
MIR1263	0	11.5493265055518	0	1	1
MIR1264	0	11.5493265055518	0	1	1
MIR1265	0	11.5493265055518	0	1	1
MIR1267	0	11.5493265055518	0	1	1
MIR1268A	0	11.5493265055518	0	1	1
MIR1268B	0	11.5493265055518	0	1	1
MIR1269A	0	11.5493265055518	0	1	1
MIR1269B	0	11.5493265055518	0	1	1
MIR1272	0	11.5493265055518	0	1	1
MIR1273A	0	11.5493265055518	0	1	1
MIR1273D	0	11.5493265055518	0	1	1
MIR1273E	0	11.5493265055518	0	1	1
MIR1275	0	11.5493265055518	0	1	1
MIR1277	0	11.5493265055518	0	1	1
MIR128-1	0	11.5493265055518	0	1	1
MIR128-2	0	11.5493265055518	0	1	1
MIR1283-1	0	11.5493265055518	0	1	1
MIR1283-2	0	11.5493265055518	0	1	1
MIR1288	0	11.5493265055518	0	1	1
MIR1289-1	0	11.5493265055518	0	1	1
MIR1289-2	0	11.5493265055518	0	1	1
MIR129-1	0	11.5493265055518	0	1	1
MIR129-2	0	11.5493265055518	0	1	1
MIR1293	0	11.5493265055518	0	1	1
MIR1294	0	11.5493265055518	0	1	1
MIR1298	0	11.5493265055518	0	1	1
MIR1302-4	0	11.5493265055518	0	1	1
MIR1302-6	0	11.5493265055518	0	1	1
MIR1302-7	0	11.5493265055518	0	1	1
MIR1302-8	0	11.5493265055518	0	1	1
MIR1305	0	11.5493265055518	0	1	1
MIR1323	0	11.5493265055518	0	1	1
MIR133B	0	11.5493265055518	0	1	1
MIR1343	0	11.5493265055518	0	1	1
MIR135A2	0	11.5493265055518	0	1	1
MIR135B	0	11.5493265055518	0	1	1
MIR138-2	0	11.5493265055518	0	1	1
MIR139	0	11.5493265055518	0	1	1
MIR141	0	11.5493265055518	0	1	1
MIR145	0	11.5493265055518	0	1	1
MIR1470	0	11.5493265055518	0	1	1
MIR1471	0	11.5493265055518	0	1	1
MIR149	0	11.5493265055518	0	1	1
MIR150	0	11.5493265055518	0	1	1
MIR151A	0	11.5493265055518	0	1	1
MIR151B	0	11.5493265055518	0	1	1
MIR153-1	0	11.5493265055518	0	1	1
MIR153-2	0	11.5493265055518	0	1	1
MIR1538	0	11.5493265055518	0	1	1
MIR1587	0	11.5493265055518	0	1	1
MIR15B	0	11.5493265055518	0	1	1
MIR16-1	0	11.5493265055518	0	1	1
MIR16-2	0	11.5493265055518	0	1	1
MIR181A1	0	11.5493265055518	0	1	1
MIR181A2	0	11.5493265055518	0	1	1
MIR181B1	0	11.5493265055518	0	1	1
MIR181B2	0	11.5493265055518	0	1	1
MIR181C	0	11.5493265055518	0	1	1
MIR182	0	11.5493265055518	0	1	1
MIR1827	0	11.5493265055518	0	1	1
MIR183	0	11.5493265055518	0	1	1
MIR184	0	11.5493265055518	0	1	1
MIR187	0	11.5493265055518	0	1	1
MIR188	0	11.5493265055518	0	1	1
MIR190A	0	11.5493265055518	0	1	1
MIR190B	0	11.5493265055518	0	1	1
MIR1911	0	11.5493265055518	0	1	1
MIR1912	0	11.5493265055518	0	1	1
MIR194-1	0	11.5493265055518	0	1	1
MIR196A1	0	11.5493265055518	0	1	1
MIR196A2	0	11.5493265055518	0	1	1
MIR1972-1	0	11.5493265055518	0	1	1
MIR1972-2	0	11.5493265055518	0	1	1
MIR1976	0	11.5493265055518	0	1	1
MIR199A1	0	11.5493265055518	0	1	1
MIR199B	0	11.5493265055518	0	1	1
MIR200C	0	11.5493265055518	0	1	1
MIR204	0	11.5493265055518	0	1	1
MIR2053	0	11.5493265055518	0	1	1
MIR206	0	11.5493265055518	0	1	1
MIR208A	0	11.5493265055518	0	1	1
MIR208B	0	11.5493265055518	0	1	1
MIR211	0	11.5493265055518	0	1	1
MIR2113	0	11.5493265055518	0	1	1
MIR2114	0	11.5493265055518	0	1	1
MIR2115	0	11.5493265055518	0	1	1
MIR215	0	11.5493265055518	0	1	1
MIR216A	0	11.5493265055518	0	1	1
MIR216B	0	11.5493265055518	0	1	1
MIR217	0	11.5493265055518	0	1	1
MIR218-1	0	11.5493265055518	0	1	1
MIR218-2	0	11.5493265055518	0	1	1
MIR219A1	0	11.5493265055518	0	1	1
MIR2392	0	11.5493265055518	0	1	1
MIR28	0	11.5493265055518	0	1	1
MIR2909	0	11.5493265055518	0	1	1
MIR297	0	11.5493265055518	0	1	1
MIR298	0	11.5493265055518	0	1	1
MIR300	0	11.5493265055518	0	1	1
MIR301A	0	11.5493265055518	0	1	1
MIR301B	0	11.5493265055518	0	1	1
MIR302A	0	11.5493265055518	0	1	1
MIR302C	0	11.5493265055518	0	1	1
MIR302E	0	11.5493265055518	0	1	1
MIR30A	0	11.5493265055518	0	1	1
MIR30D	0	11.5493265055518	0	1	1
MIR30E	0	11.5493265055518	0	1	1
MIR31	0	11.5493265055518	0	1	1
MIR3116-1	0	11.5493265055518	0	1	1
MIR3117	0	11.5493265055518	0	1	1
MIR3118-1	0	11.5493265055518	0	1	1
MIR3118-2	0	11.5493265055518	0	1	1
MIR3118-3	0	11.5493265055518	0	1	1
MIR3118-4	0	11.5493265055518	0	1	1
MIR3119-2	0	11.5493265055518	0	1	1
MIR3121	0	11.5493265055518	0	1	1
MIR3122	0	11.5493265055518	0	1	1
MIR3123	0	11.5493265055518	0	1	1
MIR3126	0	11.5493265055518	0	1	1
MIR3129	0	11.5493265055518	0	1	1
MIR3130-2	0	11.5493265055518	0	1	1
MIR3132	0	11.5493265055518	0	1	1
MIR3133	0	11.5493265055518	0	1	1
MIR3135A	0	11.5493265055518	0	1	1
MIR3135B	0	11.5493265055518	0	1	1
MIR3137	0	11.5493265055518	0	1	1
MIR3139	0	11.5493265055518	0	1	1
MIR3141	0	11.5493265055518	0	1	1
MIR3142	0	11.5493265055518	0	1	1
MIR3143	0	11.5493265055518	0	1	1
MIR3144	0	11.5493265055518	0	1	1
MIR3147	0	11.5493265055518	0	1	1
MIR3148	0	11.5493265055518	0	1	1
MIR3151	0	11.5493265055518	0	1	1
MIR3152	0	11.5493265055518	0	1	1
MIR3154	0	11.5493265055518	0	1	1
MIR3156-1	0	11.5493265055518	0	1	1
MIR3156-2	0	11.5493265055518	0	1	1
MIR3156-3	0	11.5493265055518	0	1	1
MIR3157	0	11.5493265055518	0	1	1
MIR3158-1	0	11.5493265055518	0	1	1
MIR3159	0	11.5493265055518	0	1	1
MIR3160-1	0	11.5493265055518	0	1	1
MIR3163	0	11.5493265055518	0	1	1
MIR3165	0	11.5493265055518	0	1	1
MIR3166	0	11.5493265055518	0	1	1
MIR3167	0	11.5493265055518	0	1	1
MIR3168	0	11.5493265055518	0	1	1
MIR3169	0	11.5493265055518	0	1	1
MIR3171	0	11.5493265055518	0	1	1
MIR3179-2	0	11.5493265055518	0	1	1
MIR3179-3	0	11.5493265055518	0	1	1
MIR3179-4	0	11.5493265055518	0	1	1
MIR3180-1	0	11.5493265055518	0	1	1
MIR3180-2	0	11.5493265055518	0	1	1
MIR3180-3	0	11.5493265055518	0	1	1
MIR3180-4	0	11.5493265055518	0	1	1
MIR3180-5	0	11.5493265055518	0	1	1
MIR3182	0	11.5493265055518	0	1	1
MIR3183	0	11.5493265055518	0	1	1
MIR3185	0	11.5493265055518	0	1	1
MIR3187	0	11.5493265055518	0	1	1
MIR3193	0	11.5493265055518	0	1	1
MIR3195	0	11.5493265055518	0	1	1
MIR3196	0	11.5493265055518	0	1	1
MIR3199-1	0	11.5493265055518	0	1	1
MIR3200	0	11.5493265055518	0	1	1
MIR3201	0	11.5493265055518	0	1	1
MIR3202-1	0	11.5493265055518	0	1	1
MIR320B1	0	11.5493265055518	0	1	1
MIR320C1	0	11.5493265055518	0	1	1
MIR320C2	0	11.5493265055518	0	1	1
MIR320D2	0	11.5493265055518	0	1	1
MIR323B	0	11.5493265055518	0	1	1
MIR326	0	11.5493265055518	0	1	1
MIR329-1	0	11.5493265055518	0	1	1
MIR335	0	11.5493265055518	0	1	1
MIR346	0	11.5493265055518	0	1	1
MIR34B	0	11.5493265055518	0	1	1
MIR34C	0	11.5493265055518	0	1	1
MIR3591	0	11.5493265055518	0	1	1
MIR3611	0	11.5493265055518	0	1	1
MIR3612	0	11.5493265055518	0	1	1
MIR3616	0	11.5493265055518	0	1	1
MIR3617	0	11.5493265055518	0	1	1
MIR362	0	11.5493265055518	0	1	1
MIR3621	0	11.5493265055518	0	1	1
MIR3622B	0	11.5493265055518	0	1	1
MIR3648-1	0	11.5493265055518	0	1	1
MIR3648-2	0	11.5493265055518	0	1	1
MIR3650	0	11.5493265055518	0	1	1
MIR3651	0	11.5493265055518	0	1	1
MIR3659	0	11.5493265055518	0	1	1
MIR3660	0	11.5493265055518	0	1	1
MIR3663	0	11.5493265055518	0	1	1
MIR3667	0	11.5493265055518	0	1	1
MIR3668	0	11.5493265055518	0	1	1
MIR367	0	11.5493265055518	0	1	1
MIR3670-1	0	11.5493265055518	0	1	1
MIR3670-2	0	11.5493265055518	0	1	1
MIR3670-3	0	11.5493265055518	0	1	1
MIR3670-4	0	11.5493265055518	0	1	1
MIR3672	0	11.5493265055518	0	1	1
MIR3675	0	11.5493265055518	0	1	1
MIR3678	0	11.5493265055518	0	1	1
MIR3680-2	0	11.5493265055518	0	1	1
MIR3681	0	11.5493265055518	0	1	1
MIR3683	0	11.5493265055518	0	1	1
MIR3684	0	11.5493265055518	0	1	1
MIR3686	0	11.5493265055518	0	1	1
MIR3687-1	0	11.5493265055518	0	1	1
MIR3687-2	0	11.5493265055518	0	1	1
MIR3688-1	0	11.5493265055518	0	1	1
MIR3689A	0	11.5493265055518	0	1	1
MIR3689B	0	11.5493265055518	0	1	1
MIR3689C	0	11.5493265055518	0	1	1
MIR3689D1	0	11.5493265055518	0	1	1
MIR3689D2	0	11.5493265055518	0	1	1
MIR3689E	0	11.5493265055518	0	1	1
MIR3689F	0	11.5493265055518	0	1	1
MIR3690	0	11.5493265055518	0	1	1
MIR3691	0	11.5493265055518	0	1	1
MIR3692	0	11.5493265055518	0	1	1
MIR370	0	11.5493265055518	0	1	1
MIR3713	0	11.5493265055518	0	1	1
MIR371A	0	11.5493265055518	0	1	1
MIR372	0	11.5493265055518	0	1	1
MIR373	0	11.5493265055518	0	1	1
MIR374A	0	11.5493265055518	0	1	1
MIR378C	0	11.5493265055518	0	1	1
MIR378D1	0	11.5493265055518	0	1	1
MIR378E	0	11.5493265055518	0	1	1
MIR378F	0	11.5493265055518	0	1	1
MIR378G	0	11.5493265055518	0	1	1
MIR378J	0	11.5493265055518	0	1	1
MIR380	0	11.5493265055518	0	1	1
MIR381	0	11.5493265055518	0	1	1
MIR383	0	11.5493265055518	0	1	1
MIR3907	0	11.5493265055518	0	1	1
MIR3908	0	11.5493265055518	0	1	1
MIR3910-1	0	11.5493265055518	0	1	1
MIR3912	0	11.5493265055518	0	1	1
MIR3913-1	0	11.5493265055518	0	1	1
MIR3914-1	0	11.5493265055518	0	1	1
MIR3915	0	11.5493265055518	0	1	1
MIR3919	0	11.5493265055518	0	1	1
MIR3920	0	11.5493265055518	0	1	1
MIR3921	0	11.5493265055518	0	1	1
MIR3922	0	11.5493265055518	0	1	1
MIR3923	0	11.5493265055518	0	1	1
MIR3924	0	11.5493265055518	0	1	1
MIR3925	0	11.5493265055518	0	1	1
MIR3926-1	0	11.5493265055518	0	1	1
MIR3927	0	11.5493265055518	0	1	1
MIR3928	0	11.5493265055518	0	1	1
MIR3929	0	11.5493265055518	0	1	1
MIR3935	0	11.5493265055518	0	1	1
MIR3937	0	11.5493265055518	0	1	1
MIR3938	0	11.5493265055518	0	1	1
MIR3941	0	11.5493265055518	0	1	1
MIR3943	0	11.5493265055518	0	1	1
MIR3972	0	11.5493265055518	0	1	1
MIR3973	0	11.5493265055518	0	1	1
MIR3976	0	11.5493265055518	0	1	1
MIR3978	0	11.5493265055518	0	1	1
MIR422A	0	11.5493265055518	0	1	1
MIR425	0	11.5493265055518	0	1	1
MIR4252	0	11.5493265055518	0	1	1
MIR4254	0	11.5493265055518	0	1	1
MIR4255	0	11.5493265055518	0	1	1
MIR4259	0	11.5493265055518	0	1	1
MIR4261	0	11.5493265055518	0	1	1
MIR4262	0	11.5493265055518	0	1	1
MIR4264	0	11.5493265055518	0	1	1
MIR4265	0	11.5493265055518	0	1	1
MIR4266	0	11.5493265055518	0	1	1
MIR4267	0	11.5493265055518	0	1	1
MIR4268	0	11.5493265055518	0	1	1
MIR4269	0	11.5493265055518	0	1	1
MIR4270	0	11.5493265055518	0	1	1
MIR4274	0	11.5493265055518	0	1	1
MIR4276	0	11.5493265055518	0	1	1
MIR4277	0	11.5493265055518	0	1	1
MIR4279	0	11.5493265055518	0	1	1
MIR4280	0	11.5493265055518	0	1	1
MIR4281	0	11.5493265055518	0	1	1
MIR4282	0	11.5493265055518	0	1	1
MIR4283-1	0	11.5493265055518	0	1	1
MIR4283-2	0	11.5493265055518	0	1	1
MIR4286	0	11.5493265055518	0	1	1
MIR4287	0	11.5493265055518	0	1	1
MIR4288	0	11.5493265055518	0	1	1
MIR4289	0	11.5493265055518	0	1	1
MIR4290	0	11.5493265055518	0	1	1
MIR4291	0	11.5493265055518	0	1	1
MIR4293	0	11.5493265055518	0	1	1
MIR4294	0	11.5493265055518	0	1	1
MIR4295	0	11.5493265055518	0	1	1
MIR4297	0	11.5493265055518	0	1	1
MIR4298	0	11.5493265055518	0	1	1
MIR4299	0	11.5493265055518	0	1	1
MIR4300	0	11.5493265055518	0	1	1
MIR4301	0	11.5493265055518	0	1	1
MIR4303	0	11.5493265055518	0	1	1
MIR4305	0	11.5493265055518	0	1	1
MIR4306	0	11.5493265055518	0	1	1
MIR4307	0	11.5493265055518	0	1	1
MIR4309	0	11.5493265055518	0	1	1
MIR4311	0	11.5493265055518	0	1	1
MIR4314	0	11.5493265055518	0	1	1
MIR4316	0	11.5493265055518	0	1	1
MIR4318	0	11.5493265055518	0	1	1
MIR4319	0	11.5493265055518	0	1	1
MIR432	0	11.5493265055518	0	1	1
MIR4322	0	11.5493265055518	0	1	1
MIR4323	0	11.5493265055518	0	1	1
MIR4325	0	11.5493265055518	0	1	1
MIR4327	0	11.5493265055518	0	1	1
MIR4330	0	11.5493265055518	0	1	1
MIR4417	0	11.5493265055518	0	1	1
MIR4418	0	11.5493265055518	0	1	1
MIR4419A	0	11.5493265055518	0	1	1
MIR4419B	0	11.5493265055518	0	1	1
MIR4421	0	11.5493265055518	0	1	1
MIR4422	0	11.5493265055518	0	1	1
MIR4423	0	11.5493265055518	0	1	1
MIR4425	0	11.5493265055518	0	1	1
MIR4428	0	11.5493265055518	0	1	1
MIR4429	0	11.5493265055518	0	1	1
MIR4431	0	11.5493265055518	0	1	1
MIR4432	0	11.5493265055518	0	1	1
MIR4433B	0	11.5493265055518	0	1	1
MIR4435-1	0	11.5493265055518	0	1	1
MIR4435-2	0	11.5493265055518	0	1	1
MIR4436A	0	11.5493265055518	0	1	1
MIR4436B1	0	11.5493265055518	0	1	1
MIR4436B2	0	11.5493265055518	0	1	1
MIR4437	0	11.5493265055518	0	1	1
MIR4438	0	11.5493265055518	0	1	1
MIR4439	0	11.5493265055518	0	1	1
MIR4440	0	11.5493265055518	0	1	1
MIR4443	0	11.5493265055518	0	1	1
MIR4446	0	11.5493265055518	0	1	1
MIR4447	0	11.5493265055518	0	1	1
MIR4448	0	11.5493265055518	0	1	1
MIR4452	0	11.5493265055518	0	1	1
MIR4455	0	11.5493265055518	0	1	1
MIR4456	0	11.5493265055518	0	1	1
MIR4457	0	11.5493265055518	0	1	1
MIR4460	0	11.5493265055518	0	1	1
MIR4462	0	11.5493265055518	0	1	1
MIR4463	0	11.5493265055518	0	1	1
MIR4464	0	11.5493265055518	0	1	1
MIR4465	0	11.5493265055518	0	1	1
MIR4466	0	11.5493265055518	0	1	1
MIR4470	0	11.5493265055518	0	1	1
MIR4471	0	11.5493265055518	0	1	1
MIR4472-1	0	11.5493265055518	0	1	1
MIR4473	0	11.5493265055518	0	1	1
MIR4474	0	11.5493265055518	0	1	1
MIR4475	0	11.5493265055518	0	1	1
MIR4476	0	11.5493265055518	0	1	1
MIR4477A	0	11.5493265055518	0	1	1
MIR4477B	0	11.5493265055518	0	1	1
MIR4478	0	11.5493265055518	0	1	1
MIR448	0	11.5493265055518	0	1	1
MIR4484	0	11.5493265055518	0	1	1
MIR4486	0	11.5493265055518	0	1	1
MIR4487	0	11.5493265055518	0	1	1
MIR4488	0	11.5493265055518	0	1	1
MIR4490	0	11.5493265055518	0	1	1
MIR4491	0	11.5493265055518	0	1	1
MIR4492	0	11.5493265055518	0	1	1
MIR4493	0	11.5493265055518	0	1	1
MIR4494	0	11.5493265055518	0	1	1
MIR4495	0	11.5493265055518	0	1	1
MIR4497	0	11.5493265055518	0	1	1
MIR4498	0	11.5493265055518	0	1	1
MIR449A	0	11.5493265055518	0	1	1
MIR449B	0	11.5493265055518	0	1	1
MIR449C	0	11.5493265055518	0	1	1
MIR4500	0	11.5493265055518	0	1	1
MIR4503	0	11.5493265055518	0	1	1
MIR4504	0	11.5493265055518	0	1	1
MIR4505	0	11.5493265055518	0	1	1
MIR4506	0	11.5493265055518	0	1	1
MIR4507	0	11.5493265055518	0	1	1
MIR4508	0	11.5493265055518	0	1	1
MIR4509-1	0	11.5493265055518	0	1	1
MIR4509-2	0	11.5493265055518	0	1	1
MIR4509-3	0	11.5493265055518	0	1	1
MIR450A1	0	11.5493265055518	0	1	1
MIR450B	0	11.5493265055518	0	1	1
MIR4510	0	11.5493265055518	0	1	1
MIR4515	0	11.5493265055518	0	1	1
MIR4516	0	11.5493265055518	0	1	1
MIR4518	0	11.5493265055518	0	1	1
MIR4522	0	11.5493265055518	0	1	1
MIR4525	0	11.5493265055518	0	1	1
MIR4527	0	11.5493265055518	0	1	1
MIR4528	0	11.5493265055518	0	1	1
MIR4529	0	11.5493265055518	0	1	1
MIR4532	0	11.5493265055518	0	1	1
MIR4533	0	11.5493265055518	0	1	1
MIR4535	0	11.5493265055518	0	1	1
MIR4536-2	0	11.5493265055518	0	1	1
MIR4537	0	11.5493265055518	0	1	1
MIR4538	0	11.5493265055518	0	1	1
MIR4539	0	11.5493265055518	0	1	1
MIR4540	0	11.5493265055518	0	1	1
MIR4634	0	11.5493265055518	0	1	1
MIR4635	0	11.5493265055518	0	1	1
MIR4636	0	11.5493265055518	0	1	1
MIR4638	0	11.5493265055518	0	1	1
MIR4643	0	11.5493265055518	0	1	1
MIR4644	0	11.5493265055518	0	1	1
MIR4646	0	11.5493265055518	0	1	1
MIR4650-1	0	11.5493265055518	0	1	1
MIR4650-2	0	11.5493265055518	0	1	1
MIR4652	0	11.5493265055518	0	1	1
MIR4656	0	11.5493265055518	0	1	1
MIR466	0	11.5493265055518	0	1	1
MIR4660	0	11.5493265055518	0	1	1
MIR4661	0	11.5493265055518	0	1	1
MIR4662B	0	11.5493265055518	0	1	1
MIR4664	0	11.5493265055518	0	1	1
MIR4665	0	11.5493265055518	0	1	1
MIR4666A	0	11.5493265055518	0	1	1
MIR4666B	0	11.5493265055518	0	1	1
MIR4670	0	11.5493265055518	0	1	1
MIR4671	0	11.5493265055518	0	1	1
MIR4674	0	11.5493265055518	0	1	1
MIR4675	0	11.5493265055518	0	1	1
MIR4676	0	11.5493265055518	0	1	1
MIR4677	0	11.5493265055518	0	1	1
MIR4679-2	0	11.5493265055518	0	1	1
MIR4681	0	11.5493265055518	0	1	1
MIR4684	0	11.5493265055518	0	1	1
MIR4692	0	11.5493265055518	0	1	1
MIR4693	0	11.5493265055518	0	1	1
MIR4694	0	11.5493265055518	0	1	1
MIR4696	0	11.5493265055518	0	1	1
MIR4698	0	11.5493265055518	0	1	1
MIR4703	0	11.5493265055518	0	1	1
MIR4704	0	11.5493265055518	0	1	1
MIR4706	0	11.5493265055518	0	1	1
MIR4708	0	11.5493265055518	0	1	1
MIR4711	0	11.5493265055518	0	1	1
MIR4713	0	11.5493265055518	0	1	1
MIR4714	0	11.5493265055518	0	1	1
MIR4715	0	11.5493265055518	0	1	1
MIR4716	0	11.5493265055518	0	1	1
MIR4717	0	11.5493265055518	0	1	1
MIR4718	0	11.5493265055518	0	1	1
MIR4719	0	11.5493265055518	0	1	1
MIR4726	0	11.5493265055518	0	1	1
MIR4727	0	11.5493265055518	0	1	1
MIR4733	0	11.5493265055518	0	1	1
MIR4734	0	11.5493265055518	0	1	1
MIR4736	0	11.5493265055518	0	1	1
MIR4739	0	11.5493265055518	0	1	1
MIR4740	0	11.5493265055518	0	1	1
MIR4743	0	11.5493265055518	0	1	1
MIR4744	0	11.5493265055518	0	1	1
MIR4747	0	11.5493265055518	0	1	1
MIR4752	0	11.5493265055518	0	1	1
MIR4753	0	11.5493265055518	0	1	1
MIR4754	0	11.5493265055518	0	1	1
MIR4756	0	11.5493265055518	0	1	1
MIR4757	0	11.5493265055518	0	1	1
MIR4759	0	11.5493265055518	0	1	1
MIR4760	0	11.5493265055518	0	1	1
MIR4762	0	11.5493265055518	0	1	1
MIR4764	0	11.5493265055518	0	1	1
MIR4765	0	11.5493265055518	0	1	1
MIR4770	0	11.5493265055518	0	1	1
MIR4771-1	0	11.5493265055518	0	1	1
MIR4771-2	0	11.5493265055518	0	1	1
MIR4773-1	0	11.5493265055518	0	1	1
MIR4774	0	11.5493265055518	0	1	1
MIR4776-1	0	11.5493265055518	0	1	1
MIR4777	0	11.5493265055518	0	1	1
MIR4778	0	11.5493265055518	0	1	1
MIR4779	0	11.5493265055518	0	1	1
MIR4780	0	11.5493265055518	0	1	1
MIR4787	0	11.5493265055518	0	1	1
MIR4789	0	11.5493265055518	0	1	1
MIR4790	0	11.5493265055518	0	1	1
MIR4791	0	11.5493265055518	0	1	1
MIR4792	0	11.5493265055518	0	1	1
MIR4794	0	11.5493265055518	0	1	1
MIR4796	0	11.5493265055518	0	1	1
MIR4797	0	11.5493265055518	0	1	1
MIR4798	0	11.5493265055518	0	1	1
MIR4801	0	11.5493265055518	0	1	1
MIR4803	0	11.5493265055518	0	1	1
MIR485	0	11.5493265055518	0	1	1
MIR486-1	0	11.5493265055518	0	1	1
MIR487A	0	11.5493265055518	0	1	1
MIR488	0	11.5493265055518	0	1	1
MIR489	0	11.5493265055518	0	1	1
MIR490	0	11.5493265055518	0	1	1
MIR493	0	11.5493265055518	0	1	1
MIR496	0	11.5493265055518	0	1	1
MIR498	0	11.5493265055518	0	1	1
MIR499A	0	11.5493265055518	0	1	1
MIR5002	0	11.5493265055518	0	1	1
MIR5003	0	11.5493265055518	0	1	1
MIR5007	0	11.5493265055518	0	1	1
MIR5008	0	11.5493265055518	0	1	1
MIR5009	0	11.5493265055518	0	1	1
MIR500A	0	11.5493265055518	0	1	1
MIR500B	0	11.5493265055518	0	1	1
MIR501	0	11.5493265055518	0	1	1
MIR5011	0	11.5493265055518	0	1	1
MIR502	0	11.5493265055518	0	1	1
MIR504	0	11.5493265055518	0	1	1
MIR505	0	11.5493265055518	0	1	1
MIR506	0	11.5493265055518	0	1	1
MIR507	0	11.5493265055518	0	1	1
MIR508	0	11.5493265055518	0	1	1
MIR5089	0	11.5493265055518	0	1	1
MIR509-1	0	11.5493265055518	0	1	1
MIR509-2	0	11.5493265055518	0	1	1
MIR509-3	0	11.5493265055518	0	1	1
MIR5092	0	11.5493265055518	0	1	1
MIR5094	0	11.5493265055518	0	1	1
MIR5095	0	11.5493265055518	0	1	1
MIR5096	0	11.5493265055518	0	1	1
MIR510	0	11.5493265055518	0	1	1
MIR5100	0	11.5493265055518	0	1	1
MIR512-1	0	11.5493265055518	0	1	1
MIR512-2	0	11.5493265055518	0	1	1
MIR513A1	0	11.5493265055518	0	1	1
MIR513A2	0	11.5493265055518	0	1	1
MIR513B	0	11.5493265055518	0	1	1
MIR513C	0	11.5493265055518	0	1	1
MIR514A1	0	11.5493265055518	0	1	1
MIR514A2	0	11.5493265055518	0	1	1
MIR514A3	0	11.5493265055518	0	1	1
MIR514B	0	11.5493265055518	0	1	1
MIR515-1	0	11.5493265055518	0	1	1
MIR515-2	0	11.5493265055518	0	1	1
MIR516A1	0	11.5493265055518	0	1	1
MIR516A2	0	11.5493265055518	0	1	1
MIR516B1	0	11.5493265055518	0	1	1
MIR516B2	0	11.5493265055518	0	1	1
MIR517A	0	11.5493265055518	0	1	1
MIR517B	0	11.5493265055518	0	1	1
MIR517C	0	11.5493265055518	0	1	1
MIR5186	0	11.5493265055518	0	1	1
MIR5189	0	11.5493265055518	0	1	1
MIR518A1	0	11.5493265055518	0	1	1
MIR518A2	0	11.5493265055518	0	1	1
MIR518B	0	11.5493265055518	0	1	1
MIR518E	0	11.5493265055518	0	1	1
MIR518F	0	11.5493265055518	0	1	1
MIR5191	0	11.5493265055518	0	1	1
MIR5195	0	11.5493265055518	0	1	1
MIR5197	0	11.5493265055518	0	1	1
MIR519A1	0	11.5493265055518	0	1	1
MIR519B	0	11.5493265055518	0	1	1
MIR519C	0	11.5493265055518	0	1	1
MIR519D	0	11.5493265055518	0	1	1
MIR519E	0	11.5493265055518	0	1	1
MIR520A	0	11.5493265055518	0	1	1
MIR520B	0	11.5493265055518	0	1	1
MIR520C	0	11.5493265055518	0	1	1
MIR520D	0	11.5493265055518	0	1	1
MIR520E	0	11.5493265055518	0	1	1
MIR520G	0	11.5493265055518	0	1	1
MIR520H	0	11.5493265055518	0	1	1
MIR521-1	0	11.5493265055518	0	1	1
MIR521-2	0	11.5493265055518	0	1	1
MIR525	0	11.5493265055518	0	1	1
MIR526A1	0	11.5493265055518	0	1	1
MIR526A2	0	11.5493265055518	0	1	1
MIR526B	0	11.5493265055518	0	1	1
MIR527	0	11.5493265055518	0	1	1
MIR532	0	11.5493265055518	0	1	1
MIR539	0	11.5493265055518	0	1	1
MIR543	0	11.5493265055518	0	1	1
MIR545	0	11.5493265055518	0	1	1
MIR548A1	0	11.5493265055518	0	1	1
MIR548A2	0	11.5493265055518	0	1	1
MIR548AA1	0	11.5493265055518	0	1	1
MIR548AB	0	11.5493265055518	0	1	1
MIR548AC	0	11.5493265055518	0	1	1
MIR548AD	0	11.5493265055518	0	1	1
MIR548AE1	0	11.5493265055518	0	1	1
MIR548AE2	0	11.5493265055518	0	1	1
MIR548AG1	0	11.5493265055518	0	1	1
MIR548AG2	0	11.5493265055518	0	1	1
MIR548AI	0	11.5493265055518	0	1	1
MIR548AJ1	0	11.5493265055518	0	1	1
MIR548AJ2	0	11.5493265055518	0	1	1
MIR548AK	0	11.5493265055518	0	1	1
MIR548AL	0	11.5493265055518	0	1	1
MIR548AN	0	11.5493265055518	0	1	1
MIR548AO	0	11.5493265055518	0	1	1
MIR548AP	0	11.5493265055518	0	1	1
MIR548AQ	0	11.5493265055518	0	1	1
MIR548AS	0	11.5493265055518	0	1	1
MIR548AV	0	11.5493265055518	0	1	1
MIR548AW	0	11.5493265055518	0	1	1
MIR548AX	0	11.5493265055518	0	1	1
MIR548AY	0	11.5493265055518	0	1	1
MIR548AZ	0	11.5493265055518	0	1	1
MIR548B	0	11.5493265055518	0	1	1
MIR548BA	0	11.5493265055518	0	1	1
MIR548BB	0	11.5493265055518	0	1	1
MIR548C	0	11.5493265055518	0	1	1
MIR548D2	0	11.5493265055518	0	1	1
MIR548F1	0	11.5493265055518	0	1	1
MIR548F2	0	11.5493265055518	0	1	1
MIR548F3	0	11.5493265055518	0	1	1
MIR548F4	0	11.5493265055518	0	1	1
MIR548F5	0	11.5493265055518	0	1	1
MIR548G	0	11.5493265055518	0	1	1
MIR548H1	0	11.5493265055518	0	1	1
MIR548H2	0	11.5493265055518	0	1	1
MIR548H3	0	11.5493265055518	0	1	1
MIR548H4	0	11.5493265055518	0	1	1
MIR548H5	0	11.5493265055518	0	1	1
MIR548I1	0	11.5493265055518	0	1	1
MIR548I2	0	11.5493265055518	0	1	1
MIR548I3	0	11.5493265055518	0	1	1
MIR548I4	0	11.5493265055518	0	1	1
MIR548J	0	11.5493265055518	0	1	1
MIR548M	0	11.5493265055518	0	1	1
MIR548O	0	11.5493265055518	0	1	1
MIR548O2	0	11.5493265055518	0	1	1
MIR548P	0	11.5493265055518	0	1	1
MIR548Q	0	11.5493265055518	0	1	1
MIR548T	0	11.5493265055518	0	1	1
MIR548U	0	11.5493265055518	0	1	1
MIR548W	0	11.5493265055518	0	1	1
MIR548X	0	11.5493265055518	0	1	1
MIR548X2	0	11.5493265055518	0	1	1
MIR548Y	0	11.5493265055518	0	1	1
MIR548Z	0	11.5493265055518	0	1	1
MIR549A	0	11.5493265055518	0	1	1
MIR550A1	0	11.5493265055518	0	1	1
MIR550A2	0	11.5493265055518	0	1	1
MIR550A3	0	11.5493265055518	0	1	1
MIR551A	0	11.5493265055518	0	1	1
MIR551B	0	11.5493265055518	0	1	1
MIR552	0	11.5493265055518	0	1	1
MIR557	0	11.5493265055518	0	1	1
MIR5571	0	11.5493265055518	0	1	1
MIR5579	0	11.5493265055518	0	1	1
MIR5580	0	11.5493265055518	0	1	1
MIR5582	0	11.5493265055518	0	1	1
MIR5583-1	0	11.5493265055518	0	1	1
MIR5584	0	11.5493265055518	0	1	1
MIR5585	0	11.5493265055518	0	1	1
MIR5586	0	11.5493265055518	0	1	1
MIR5588	0	11.5493265055518	0	1	1
MIR559	0	11.5493265055518	0	1	1
MIR5590	0	11.5493265055518	0	1	1
MIR561	0	11.5493265055518	0	1	1
MIR563	0	11.5493265055518	0	1	1
MIR566	0	11.5493265055518	0	1	1
MIR5680	0	11.5493265055518	0	1	1
MIR5681A	0	11.5493265055518	0	1	1
MIR5682	0	11.5493265055518	0	1	1
MIR5684	0	11.5493265055518	0	1	1
MIR5685	0	11.5493265055518	0	1	1
MIR5688	0	11.5493265055518	0	1	1
MIR5689	0	11.5493265055518	0	1	1
MIR5691	0	11.5493265055518	0	1	1
MIR5692A1	0	11.5493265055518	0	1	1
MIR5692A2	0	11.5493265055518	0	1	1
MIR5692B	0	11.5493265055518	0	1	1
MIR5692C1	0	11.5493265055518	0	1	1
MIR5694	0	11.5493265055518	0	1	1
MIR5695	0	11.5493265055518	0	1	1
MIR5697	0	11.5493265055518	0	1	1
MIR5698	0	11.5493265055518	0	1	1
MIR570	0	11.5493265055518	0	1	1
MIR5700	0	11.5493265055518	0	1	1
MIR5701-1	0	11.5493265055518	0	1	1
MIR5701-2	0	11.5493265055518	0	1	1
MIR5701-3	0	11.5493265055518	0	1	1
MIR5702	0	11.5493265055518	0	1	1
MIR5704	0	11.5493265055518	0	1	1
MIR5705	0	11.5493265055518	0	1	1
MIR5706	0	11.5493265055518	0	1	1
MIR5707	0	11.5493265055518	0	1	1
MIR5708	0	11.5493265055518	0	1	1
MIR572	0	11.5493265055518	0	1	1
MIR5739	0	11.5493265055518	0	1	1
MIR575	0	11.5493265055518	0	1	1
MIR577	0	11.5493265055518	0	1	1
MIR578	0	11.5493265055518	0	1	1
MIR5787	0	11.5493265055518	0	1	1
MIR584	0	11.5493265055518	0	1	1
MIR585	0	11.5493265055518	0	1	1
MIR586	0	11.5493265055518	0	1	1
MIR588	0	11.5493265055518	0	1	1
MIR592	0	11.5493265055518	0	1	1
MIR596	0	11.5493265055518	0	1	1
MIR599	0	11.5493265055518	0	1	1
MIR604	0	11.5493265055518	0	1	1
MIR605	0	11.5493265055518	0	1	1
MIR6068	0	11.5493265055518	0	1	1
MIR6069	0	11.5493265055518	0	1	1
MIR607	0	11.5493265055518	0	1	1
MIR6070	0	11.5493265055518	0	1	1
MIR6071	0	11.5493265055518	0	1	1
MIR6072	0	11.5493265055518	0	1	1
MIR6074	0	11.5493265055518	0	1	1
MIR6077	0	11.5493265055518	0	1	1
MIR6078	0	11.5493265055518	0	1	1
MIR6082	0	11.5493265055518	0	1	1
MIR6083	0	11.5493265055518	0	1	1
MIR6085	0	11.5493265055518	0	1	1
MIR6088	0	11.5493265055518	0	1	1
MIR6089	0	11.5493265055518	0	1	1
MIR609	0	11.5493265055518	0	1	1
MIR6090	0	11.5493265055518	0	1	1
MIR610	0	11.5493265055518	0	1	1
MIR6127	0	11.5493265055518	0	1	1
MIR6128	0	11.5493265055518	0	1	1
MIR613	0	11.5493265055518	0	1	1
MIR6130	0	11.5493265055518	0	1	1
MIR6134	0	11.5493265055518	0	1	1
MIR615	0	11.5493265055518	0	1	1
MIR617	0	11.5493265055518	0	1	1
MIR618	0	11.5493265055518	0	1	1
MIR620	0	11.5493265055518	0	1	1
MIR625	0	11.5493265055518	0	1	1
MIR626	0	11.5493265055518	0	1	1
MIR627	0	11.5493265055518	0	1	1
MIR633	0	11.5493265055518	0	1	1
MIR634	0	11.5493265055518	0	1	1
MIR638	0	11.5493265055518	0	1	1
MIR640	0	11.5493265055518	0	1	1
MIR642A	0	11.5493265055518	0	1	1
MIR649	0	11.5493265055518	0	1	1
MIR6499	0	11.5493265055518	0	1	1
MIR6500	0	11.5493265055518	0	1	1
MIR6507	0	11.5493265055518	0	1	1
MIR6508	0	11.5493265055518	0	1	1
MIR651	0	11.5493265055518	0	1	1
MIR6511A1	0	11.5493265055518	0	1	1
MIR6511A2	0	11.5493265055518	0	1	1
MIR6511A3	0	11.5493265055518	0	1	1
MIR6511A4	0	11.5493265055518	0	1	1
MIR652	0	11.5493265055518	0	1	1
MIR653	0	11.5493265055518	0	1	1
MIR660	0	11.5493265055518	0	1	1
MIR662	0	11.5493265055518	0	1	1
MIR663B	0	11.5493265055518	0	1	1
MIR664A	0	11.5493265055518	0	1	1
MIR668	0	11.5493265055518	0	1	1
MIR670	0	11.5493265055518	0	1	1
MIR6718	0	11.5493265055518	0	1	1
MIR6720	0	11.5493265055518	0	1	1
MIR6722	0	11.5493265055518	0	1	1
MIR6724-1	0	11.5493265055518	0	1	1
MIR6724-2	0	11.5493265055518	0	1	1
MIR6724-3	0	11.5493265055518	0	1	1
MIR6724-4	0	11.5493265055518	0	1	1
MIR6731	0	11.5493265055518	0	1	1
MIR6740	0	11.5493265055518	0	1	1
MIR6744	0	11.5493265055518	0	1	1
MIR676	0	11.5493265055518	0	1	1
MIR6768	0	11.5493265055518	0	1	1
MIR6769B	0	11.5493265055518	0	1	1
MIR6770-1	0	11.5493265055518	0	1	1
MIR6770-2	0	11.5493265055518	0	1	1
MIR6770-3	0	11.5493265055518	0	1	1
MIR6771	0	11.5493265055518	0	1	1
MIR6780B	0	11.5493265055518	0	1	1
MIR6783	0	11.5493265055518	0	1	1
MIR6788	0	11.5493265055518	0	1	1
MIR6790	0	11.5493265055518	0	1	1
MIR6794	0	11.5493265055518	0	1	1
MIR6795	0	11.5493265055518	0	1	1
MIR6803	0	11.5493265055518	0	1	1
MIR6811	0	11.5493265055518	0	1	1
MIR6818	0	11.5493265055518	0	1	1
MIR6823	0	11.5493265055518	0	1	1
MIR6832	0	11.5493265055518	0	1	1
MIR6833	0	11.5493265055518	0	1	1
MIR6839	0	11.5493265055518	0	1	1
MIR6842	0	11.5493265055518	0	1	1
MIR6857	0	11.5493265055518	0	1	1
MIR6859-1	0	11.5493265055518	0	1	1
MIR6859-2	0	11.5493265055518	0	1	1
MIR6859-3	0	11.5493265055518	0	1	1
MIR6859-4	0	11.5493265055518	0	1	1
MIR6862-1	0	11.5493265055518	0	1	1
MIR6862-2	0	11.5493265055518	0	1	1
MIR6870	0	11.5493265055518	0	1	1
MIR6879	0	11.5493265055518	0	1	1
MIR6881	0	11.5493265055518	0	1	1
MIR6891	0	11.5493265055518	0	1	1
MIR7-3	0	11.5493265055518	0	1	1
MIR708	0	11.5493265055518	0	1	1
MIR7151	0	11.5493265055518	0	1	1
MIR7154	0	11.5493265055518	0	1	1
MIR7155	0	11.5493265055518	0	1	1
MIR7156	0	11.5493265055518	0	1	1
MIR7158	0	11.5493265055518	0	1	1
MIR7159	0	11.5493265055518	0	1	1
MIR7160	0	11.5493265055518	0	1	1
MIR758	0	11.5493265055518	0	1	1
MIR759	0	11.5493265055518	0	1	1
MIR764	0	11.5493265055518	0	1	1
MIR7641-1	0	11.5493265055518	0	1	1
MIR7641-2	0	11.5493265055518	0	1	1
MIR766	0	11.5493265055518	0	1	1
MIR767	0	11.5493265055518	0	1	1
MIR7702	0	11.5493265055518	0	1	1
MIR7843	0	11.5493265055518	0	1	1
MIR7849	0	11.5493265055518	0	1	1
MIR7850	0	11.5493265055518	0	1	1
MIR7852	0	11.5493265055518	0	1	1
MIR7853	0	11.5493265055518	0	1	1
MIR7973-1	0	11.5493265055518	0	1	1
MIR7975	0	11.5493265055518	0	1	1
MIR802	0	11.5493265055518	0	1	1
MIR8052	0	11.5493265055518	0	1	1
MIR8053	0	11.5493265055518	0	1	1
MIR8054	0	11.5493265055518	0	1	1
MIR8055	0	11.5493265055518	0	1	1
MIR8056	0	11.5493265055518	0	1	1
MIR8057	0	11.5493265055518	0	1	1
MIR8058	0	11.5493265055518	0	1	1
MIR8059	0	11.5493265055518	0	1	1
MIR8060	0	11.5493265055518	0	1	1
MIR8061	0	11.5493265055518	0	1	1
MIR8062	0	11.5493265055518	0	1	1
MIR8063	0	11.5493265055518	0	1	1
MIR8065	0	11.5493265055518	0	1	1
MIR8066	0	11.5493265055518	0	1	1
MIR8068	0	11.5493265055518	0	1	1
MIR8069-2	0	11.5493265055518	0	1	1
MIR8070	0	11.5493265055518	0	1	1
MIR8071-1	0	11.5493265055518	0	1	1
MIR8071-2	0	11.5493265055518	0	1	1
MIR8073	0	11.5493265055518	0	1	1
MIR8074	0	11.5493265055518	0	1	1
MIR8076	0	11.5493265055518	0	1	1
MIR8077	0	11.5493265055518	0	1	1
MIR8078	0	11.5493265055518	0	1	1
MIR8079	0	11.5493265055518	0	1	1
MIR8080	0	11.5493265055518	0	1	1
MIR8081	0	11.5493265055518	0	1	1
MIR8082	0	11.5493265055518	0	1	1
MIR8083	0	11.5493265055518	0	1	1
MIR8084	0	11.5493265055518	0	1	1
MIR8086	0	11.5493265055518	0	1	1
MIR8087	0	11.5493265055518	0	1	1
MIR8088	0	11.5493265055518	0	1	1
MIR8089	0	11.5493265055518	0	1	1
MIR8485	0	11.5493265055518	0	1	1
MIR873	0	11.5493265055518	0	1	1
MIR875	0	11.5493265055518	0	1	1
MIR876	0	11.5493265055518	0	1	1
MIR877	0	11.5493265055518	0	1	1
MIR887	0	11.5493265055518	0	1	1
MIR888	0	11.5493265055518	0	1	1
MIR890	0	11.5493265055518	0	1	1
MIR891A	0	11.5493265055518	0	1	1
MIR891B	0	11.5493265055518	0	1	1
MIR892A	0	11.5493265055518	0	1	1
MIR892B	0	11.5493265055518	0	1	1
MIR892C	0	11.5493265055518	0	1	1
MIR9-1	0	11.5493265055518	0	1	1
MIR920	0	11.5493265055518	0	1	1
MIR921	0	11.5493265055518	0	1	1
MIR934	0	11.5493265055518	0	1	1
MIR941-2	0	11.5493265055518	0	1	1
MIR944	0	11.5493265055518	0	1	1
MIR95	0	11.5493265055518	0	1	1
MIR96	0	11.5493265055518	0	1	1
MIR99A	0	11.5493265055518	0	1	1
MIRLET7A2	0	11.5493265055518	0	1	1
MIRLET7F2	0	11.5493265055518	0	1	1
