Mixture	B cells naive	B cells memory	Plasma cells	T cells CD8	T cells CD4 naive	T cells CD4 memory resting	T cells CD4 memory activated	T cells follicular helper	T cells regulatory (Tregs)	T cells gamma delta	NK cells resting	NK cells activated	Monocytes	Macrophages M0	Macrophages M1	Macrophages M2	Dendritic cells resting	Dendritic cells activated	Mast cells resting	Mast cells activated	Eosinophils	Neutrophils	P-value	Correlation	RMSE
N1	0.0296357802105539	0	0.0183607294346002	0	0	0.177079823093416	0	0.0148431452676555	0	0	0.0349820249737102	0.00492809375481613	0.346743245133808	0.0811896023462366	0	0.143012584093826	0	0	0.0874303183410752	0	0	0.0617946533503018	0.378	0.0392345526345244	1.07763354360659
N2	0.0120528331544918	0	0	0	0	0.257143112497618	0	0.0722233074351114	0	0	0.067126655226979	0.0325732701567036	0.087494719457278	0.253472471132492	0.00355270782390096	0.0310126251559741	0	0	0.0183064087628036	0	0	0.165041889196647	0.256	0.0610944229053789	1.08361219562545
N3	0.00379999659352351	0	0.00502577428729247	0	0	0.228355147607367	0	0.00848310434895409	0.0169145721068398	0	0.103686716471889	0.00580327415454105	0.223832282899108	0.130457148190788	0.000911902660933519	0.108589744743637	0	0	0.120811389116206	0	0	0.0433289468189216	0.34	0.0466690809409861	1.06405704073561
N4	0	0	0.00101442270146266	0	0	0.187787436101161	0	0.010964676614084	0	0	0.081532345813321	0	0.315699140622134	0.113337663454586	0.00904902201376014	0.0257297930764744	0	0	0	0.109518508649103	0	0.145366990953914	0.275	0.0577627074741848	1.08846396058312
N5	0	0.0236291181896745	0	0	0	0.191657394728906	0.0017660486160909	0.000787885620938763	0.00176705543228764	0	0.137542919332365	0	0.356058351678815	0.181860586909777	0	0	0	0	0	0.00777094467768175	0	0.097159694813464	0.151	0.097952841117406	1.06961686664897
N6	0.016707175876472	0	0.000908697105020015	0.00178881948900865	0	0.138357181352932	0	0.00872414640408926	0	0	0.044117660223117	0.0026657424780592	0.175438635130825	0.258450925634128	0.0186191522511377	0.244675959691806	0	0	0.0469087237164591	0	0	0.042637180646946	0.198	0.0774653485521438	1.07266887806917
N7	0.0400254336611176	0	0	0	0	0.0332186276357758	0.0416835109888817	0.00432638667164787	0.00509965395575348	0.0117070303157184	0.109999380730113	0	0.0844903871735901	0.376993761480987	0	0	0	0	0	0.0525589109214191	0	0.239896916464996	0.016	0.227692765339812	1.03136521302793
N8	0.0302055972757557	0	0.00968458745405811	0	0	0.0526471901901119	0.0458593474089808	0.0260816894887063	0	0	0.112155275890051	0	0.324056716624274	0.193299021744307	0.020631043462659	0.0913476300703535	0	0	0.0344050753537904	0	0.00432378186616554	0.0553030431707872	0.139	0.101918781647341	1.05516237400731
N9	0.0562979219032145	0	2.8366829898738e-05	0.0432038951861453	0	0.208070887891759	0.00365653246787118	0.0398378923458372	0	0	0.057762127783642	0	0.145363926697546	0.149740846108871	0.0100471773816274	0.113821129005798	0	0	0.124667934490554	0	0.013987550517898	0.0335138113893364	0.45	0.0270426323578627	1.06452794301903
N10	0	0	0.000996349199551418	0.00177910949315803	0	0.121894166435173	0.0919901326144388	0	0	0	0.124869922481858	0	0.258499083799462	0.156591447868184	0.00318249119556646	0.0983428577118878	0	0	0	0.00481337753455907	0	0.137041061666162	0.241	0.064488143784948	1.07850087836843
N11	0.0410124639579913	0	0.00166629063465536	0	0	0.209805722576122	0	0	0	0	0.0997677586527978	0	0.23951662101482	0.127509756170793	0.00358174723835064	0.129871270198934	0	0	0	0.0266841041816495	0.0102586515302344	0.110325613843652	0.198	0.0776089350665624	1.06408185334487
N12	0.0404254791547373	0	0	0	0	0.0786794176327783	0.064030583588606	0	0	0	0.104553867577624	0.0332909065398541	0.156833989406188	0.274608056116146	0.000876376032610252	0	0	0	0.0387507177148043	0	0	0.207950606236652	0.0679999999999999	0.140213300472632	1.05657209428434
N13	0.0126434830483743	0	0	0	0	0.112759004429437	0	0	0	0	0.036127666448134	0	0.233160015097064	0.145729957829734	0.0415758134363844	0.296358959520676	0	0	0.0825957375676639	0	0.00398972467650939	0.035059637946024	0.464	0.024721421276921	1.08913302673001
N14	0.00382554458664986	0	0.00377664166537041	0	0	0.09506041241532	0	0	0	0	0.0949417842304104	0	0.261396871518824	0.374529206705537	0.00880984678678755	0.0361552636309296	0	0	0	0.00930643146545545	0.0222590300908899	0.0899389669038264	0.086	0.12648618371682	1.0716564293615
N15	0.0421644726835756	0	0	0	0	0.110138781932333	0.00369355607051699	0.0174950558075486	0.00322482505708872	0.00169496899136608	0.089332800336816	0	0.0370600145051207	0.458737211641408	0	0.0649760096325816	0	0	0	0.0585167447078203	0	0.112965558633824	0.078	0.134043792232407	1.07444853462015
N16	0.0157628628205903	0	0	0.0109690569328078	0	0.198239766584527	0.000552979850074601	0.0300335690082039	0	0	0	0.0267630578268121	0.36693096602899	0.146440425721536	0	0.031191814532987	0	0	0	0	0	0.173115500693471	0.205	0.0741786255886839	1.09679944931839
N17	0	0	0.00142320247453969	0	0	0.155600789840069	0	0.00936637555035614	0	0	0.0209529308160848	0.000175361932719593	0.332453452659069	0.0299405555555508	0	0.336464646900868	0	0	0	0.039562961358433	0.0740597229123096	0	0.254	0.0616300123203856	1.0794331139078
IRI1	0	0	0.00177145452200509	0	0	0.160695165554959	0.00473350088547366	0.00737126873098234	0.00502552944376639	0	0.0510259794124878	0	0.240791255015678	0.35554470882793	0.010648097223788	0	0	0	0	0.00303444084370197	0	0.159358599539228	0.051	0.15531703685172	1.06105476193086
IRI2	0.0440326388501358	0	0.0041265307558338	0	0	0.0603850295748396	0.035193779899306	0	0	0	0	0.00237316840572414	0.361975626271302	0.333487922963163	0.0348354419403679	0.0112006413343715	0	0	0.0311320404061953	0	0	0.0812571795987614	0.103	0.117062344900951	1.07604322186361
IRI3	0.0384551142810444	0	0	0	0	0.0718752728384458	0	0.0148479891589795	0.00505282040083737	0.0330478471541055	0.016215252135369	0	0.103045241387239	0.407581223210309	0	0.0282872794780179	0	0.00296157375074905	0	0.0169567645150199	0	0.261673621689884	0.027	0.195692151728964	1.0628116655139
IRI4	0.00209402952697453	0.000930690586614339	0.00203219662249679	0	0	0.293365810715666	0.00414157545952562	0	0	0	0.0399074171458736	0	0.115534859847373	0.329991956822405	0.000674996690652912	0	0	0.00340592855933641	0	0.036085886007297	0	0.171834652015785	0.164	0.0932911243647903	1.08115103906171
IRI5	0.0338443310441296	0	0.0070524970975021	0	0	0.102967871835517	0.00539128833592912	0	0	0	0.056073708727701	0	0.35586767706512	0.209514802595518	0.0248694757939544	0.0941787199550517	0	0	0.00367106358600272	0	0.0374821444056928	0.069086419557882	0.117	0.110625527232501	1.06333830025217
IRI6	0	0	0.000655938718660884	0.0440705708114685	0	0.108769417074075	0.0462640017645586	0	0	0	0.0510354564352645	0	0.3232105361269	0.212049803465546	0.0135229477567104	0.104834082904235	0	0	0.0373793162142654	0	0.00228182777264434	0.0559261009556722	0.179	0.0850470040941005	1.06633946640784
IRI7	0.0298191302254958	0	0.00124924420613747	0	0	0.264492085406498	0.00360452179064663	0.00147483825149655	0.00305544538256822	0	0.132462732386276	0	0.256906289055665	0.12901545212928	0.000411734608657341	0.00912573745168037	0	0	0	0.0187346803430456	0	0.149648108762553	0.27	0.0586224160916761	1.08330838397121
IRI8	0.0388296557349037	0	0.0016542980069354	0	0	0.115202121193346	0.0273555392898738	0	0	0	0.0850255658130379	0	0.294150248288172	0.187786921236655	0.0081504844989938	0.143314224244283	0	0	0.0200116398344313	0	0.0197100319899295	0.0588092698694391	0.188	0.0813815931385748	1.0647571712022
IRI9	0	0.00214217041345853	0	0	0	0.108054123739814	0	0.00769855904178707	0	0	0.0885788018881844	0	0.219559951526583	0.314315943502279	0.0068734684901981	0.115927388353166	0	0	0	0.0261431402600947	0	0.110706452784435	0.079	0.133696917309383	1.06229452851229
IRI10	0.0353150474714879	0	0.00162698602258141	0.0090331313059224	0	0.024113034151361	0	0.0170591945928328	0	0	0.117143625833823	0	0.0793031032774063	0.425285980625349	0.0083551332202838	0.0976851668641744	0	0	0	0	0.0798119922624405	0.105267604372338	0.0610000000000001	0.145863103844808	1.06665346688011
IRI11	0	0.000851801193806318	0.0543584077545684	0	0	0.151542053346341	0	0	0	0	0.0736910174386524	0	0.198702685499902	0.154531003279696	0.0325601382386349	0.234625405421589	0	0	0.00118811475819062	0.0135533100877334	0	0.084396062980886	0.317	0.0523180909242636	1.07379269826798
IRI12	0.0325259984234008	0	0	0	0	0.182152100815261	0.00537717236919026	0.0187962364735014	0	0	0.120804990158898	0	0.295454111419343	0.142519268085788	0	0.00690547952666411	0	0	0	0.0251689744963425	0	0.170295668231611	0.194	0.0797910642757108	1.08054319211176
IRI13	0.0212481272025673	0	0.00832301767572902	0.0010810061226305	0	0.0656576531911085	0.018456958958123	0	0	0	0.0643308926646178	0	0.338213169253803	0.175572085800546	0.0230310920248571	0.0951456521558263	0	0	0	0.0146254918342765	0.0537431683919451	0.12057168472397	0.0679999999999999	0.139778795877189	1.05472013807927
IRI14	0.00862590734854327	0	0.00136260067660066	0	0	0.189036446632213	0.000744268106691992	0	0.00308089519753152	0	0.0500341443575738	0.0146081426781715	0.264348744666781	0.257876756258162	0.0126195616606037	0.0837562960027895	0	0	0.03531076884134	0	0	0.078595467572997	0.132	0.105901973120801	1.05965554513824
IRI15	0.00127889156008843	0	0.00955461344703095	0	0	0.00640398082259672	0.0173027699895221	0	0	0	0.064211321049306	0	0.0359810077293948	0.299027452049419	0	0	0	0	0	4.60491818838781e-05	0	0.566193914170758	0	0.641365712354514	0.784772852394887
IRI16	0	0	0.00159448270700941	0	0	0.00593717558183964	0.0178187324319672	0.0295618239152045	0	0	0.0397646370787682	0.00684985065408814	0.280202779820993	0.229292589284339	0.0139290323285148	0.18073542700366	0	0	0.0500821985224099	0	0.11640933704072	0.0278219336304855	0.102	0.117274302972291	1.05952110170023
IRI17	0.00272565924850538	0	0.000653272975594474	0	0	0.25305774466472	0.000623928849948351	0.026073087624516	0.0172592882009219	0.0306398842882138	0.026618769853794	0	0.0923444426230361	0.250839431933773	0.00977128404853238	0	0	0	0	0.0517362152349339	0	0.23765699045351	0.044	0.165273452914324	1.04796241731985
IRI18	0.0278366804493162	0	0.00154566806716395	0	0	0.152717488877858	0.0155199271545956	0	8.3793162250702e-05	0	0.0709879215309788	0	0.297836490280266	0.248600405839192	0.0239318633490904	0.037490954088417	0	0	0.0424296263306079	0	0	0.0810191808702641	0.115	0.111620269714618	1.05512996347805
IRI19	0.0151231331468462	0	0.00382912464858678	0	0	0.114999121009282	0.0523994032709657	0	0	0	0.07885486281503	0	0.239399464531649	0.165121243400784	0.0149719135653285	0.0796064599024994	0	0	0.0243176866575853	0	0.045424354102775	0.165953232948668	0.099	0.119697897306049	1.05505402838752
IRI20	0.00993400349367123	0	0	0	0	0.142758043358347	0.00341902084014265	0.00186551984334688	0	0	0.0601979440793471	0	0.145389987182701	0.410152125238219	0.00212719402298645	0.0650781351861857	0	0	0.0045403353984486	0	0	0.154537691356604	0.092	0.125200410579598	1.08140202048596
IRI21	0.0262424866738556	0	0	0	0	0.215851890401158	0	0.0309079340624815	0.00313638785776827	0	0.109846056077013	0.00825183536273996	0.11874812963686	0.286646568844032	0.00316086637430858	0.0747800141102862	0	0	0	0.0161291738270718	0	0.106298656772426	0.187	0.0824804260637079	1.06984820918728
IRI22	0.0133693697230918	0	0.00447064199686172	0.0180799856574299	0	0.0670639772273324	0.00952095812451468	0	0	0	0.0469660145202334	0	0.381265069566491	0.20291860406721	0.0248926541950232	0.140449104178895	0	0	0.0306430850242797	0	0.0259444570612247	0.0344160786574126	0.139	0.102052372057212	1.06820537672606
IRI23	0.0259261139317886	0	0.000548092480206269	0.0397161302149246	0	0.0755534621454216	0	0.00215956276011329	0	0	0.0512946016739401	0	0.278852075336647	0.119871639634758	0.00756575816129293	0.321664548787455	0	0	0.0322644710835428	0	0	0.0445835437899098	0.33	0.0490693947775929	1.0859200457732
